Timestamp,Pose,Calibration_Valid,Combined_Eye_Gaze_Valid,Combined_Eye_Gaze_Origin,Combined_Eye_Gaze_Direction,Left_Eye_Gaze_Valid,Left_Eye_Gaze_Origin,Left_Eye_Gaze_Direction,Right_Eye_Gaze_Valid,Right_Eye_Gaze_Origin,Right_Eye_Gaze_Direction,Left_Eye_Openness_Valid,Left_Eye_Openness,Right_Eye_Openness_Valid,Right_Eye_Openness,Vergence_Distance_Valid,Vergence_Distance,Target
7.91216E+11,"[[0. 0. 0. 0.]
 [0. 0. 0. 0.]
 [0. 0. 0. 0.]
 [0. 0. 0. 0.]]",FALSE,FALSE,[0. 0. 0.],[0. 0. 0.],FALSE,[0. 0. 0.],[0. 0. 0.],FALSE,[0. 0. 0.],[0. 0. 0.],FALSE,0,FALSE,0,FALSE,0,FALSE
7.91216E+11,"[[0. 0. 0. 0.]
 [0. 0. 0. 0.]
 [0. 0. 0. 0.]
 [0. 0. 0. 0.]]",FALSE,FALSE,[0. 0. 0.],[0. 0. 0.],FALSE,[0. 0. 0.],[0. 0. 0.],FALSE,[0. 0. 0.],[0. 0. 0.],FALSE,0,FALSE,0,FALSE,0,FALSE
7.91216E+11,"[[ 0.29643667 -0.9537162   0.05050367  0.        ]
 [-0.48613054 -0.10516036  0.8675358   0.        ]
 [-0.822072   -0.28172085 -0.4948039   0.        ]
 [-0.13838625  0.04596531 -0.0090189   1.        ]]",TRUE,FALSE,[0. 0. 0.],[0. 0. 0.],FALSE,[0. 0. 0.],[0. 0. 0.],FALSE,[0. 0. 0.],[0. 0. 0.],FALSE,0,FALSE,0,FALSE,0,FALSE
7.91216E+11,"[[ 0.29643667 -0.9537162   0.05050367  0.        ]
 [-0.48613054 -0.10516036  0.8675358   0.        ]
 [-0.822072   -0.28172085 -0.4948039   0.        ]
 [-0.13838625  0.04596531 -0.0090189   1.        ]]",TRUE,FALSE,[0. 0. 0.],[0. 0. 0.],FALSE,[0. 0. 0.],[0. 0. 0.],FALSE,[0. 0. 0.],[0. 0. 0.],FALSE,0,FALSE,0,FALSE,0,FALSE
7.91216E+11,"[[ 0.2771954  -0.95825875  0.070021    0.        ]
 [-0.5622591  -0.10268533  0.8205611   0.        ]
 [-0.77911973 -0.26682574 -0.5672536   0.        ]
 [-0.1353302   0.04833543 -0.01966429  1.        ]]",TRUE,FALSE,[0. 0. 0.],[0. 0. 0.],FALSE,[0. 0. 0.],[0. 0. 0.],FALSE,[0. 0. 0.],[0. 0. 0.],FALSE,0,FALSE,0,FALSE,0,FALSE
7.91216E+11,"[[ 0.26319313 -0.96120703  0.08252501  0.        ]
 [-0.611017   -0.09988403  0.78529054  0.        ]
 [-0.7465839  -0.2571072  -0.61360264  0.        ]
 [-0.13265038  0.04991704 -0.02665615  1.        ]]",TRUE,FALSE,[0. 0. 0.],[0. 0. 0.],TRUE,[ 0.04873933 -0.02181641 -0.0292797 ],[ 0.14122497 -0.53386563  0.83369243],FALSE,[0. 0. 0.],[0. 0. 0.],FALSE,0,FALSE,0,FALSE,0,FALSE
7.91216E+11,"[[ 0.263193   -0.96120703  0.08252516  0.        ]
 [-0.6110176  -0.09988427  0.78529024  0.        ]
 [-0.7465836  -0.25710726 -0.61360335  0.        ]
 [-0.13265133  0.04991692 -0.02665663  1.        ]]",TRUE,FALSE,[0. 0. 0.],[0. 0. 0.],TRUE,[ 0.04873933 -0.02181641 -0.0292797 ],[ 0.14122497 -0.53386563  0.83369243],FALSE,[0. 0. 0.],[0. 0. 0.],FALSE,0,FALSE,0,FALSE,0,FALSE
7.91217E+11,"[[ 0.23376793 -0.9664505   0.10642347  0.        ]
 [-0.70154554 -0.091874    0.70667744  0.        ]
 [-0.6731912  -0.23985937 -0.69948626  0.        ]
 [-0.12587309  0.05295044 -0.04011345  1.        ]]",TRUE,FALSE,[0. 0. 0.],[0. 0. 0.],TRUE,[ 0.0487455  -0.02293854 -0.02740453],[-0.04517112 -0.5686571   0.8213334 ],FALSE,[0. 0. 0.],[0. 0. 0.],FALSE,0,FALSE,0,FALSE,0,FALSE
7.91217E+11,"[[ 0.218705   -0.96872103  0.11725098  0.        ]
 [-0.7419313  -0.0870378   0.6648026   0.        ]
 [-0.63380295 -0.23238786 -0.73776007  0.        ]
 [-0.12188244  0.05433059 -0.04625416  1.        ]]",TRUE,FALSE,[0. 0. 0.],[0. 0. 0.],TRUE,[ 0.0487025  -0.02162717 -0.02992985],[-0.04559476 -0.61532056  0.7869573 ],FALSE,[0. 0. 0.],[0. 0. 0.],FALSE,0,FALSE,0,FALSE,0,FALSE
7.91217E+11,"[[ 0.20338255 -0.97083473  0.12694687  0.        ]
 [-0.7788675  -0.08185685  0.62182385  0.        ]
 [-0.5932967  -0.22534288 -0.77279973  0.        ]
 [-0.11766243  0.05566567 -0.05210257  1.        ]]",TRUE,FALSE,[0. 0. 0.],[0. 0. 0.],TRUE,[ 0.04882085 -0.02153442 -0.02983076],[-0.04045919 -0.60674644  0.79386514],FALSE,[0. 0. 0.],[0. 0. 0.],FALSE,0,FALSE,0,FALSE,0,FALSE
7.91217E+11,"[[ 0.20338255 -0.97083473  0.12694687  0.        ]
 [-0.7788675  -0.08185685  0.62182385  0.        ]
 [-0.5932967  -0.22534288 -0.77279973  0.        ]
 [-0.11766243  0.05566567 -0.05210257  1.        ]]",FALSE,FALSE,[0. 0. 0.],[0. 0. 0.],FALSE,[ 0.04882085 -0.02153442 -0.02983076],[-0.04045919 -0.60674644  0.79386514],FALSE,[0. 0. 0.],[0. 0. 0.],FALSE,0,FALSE,0,FALSE,0,FALSE
7.91217E+11,"[[ 0.17221063 -0.9744939   0.14389314  0.        ]
 [-0.84231836 -0.06994045  0.5344234   0.        ]
 [-0.5107284  -0.21323727 -0.8328786   0.        ]
 [-0.10815763  0.05791324 -0.06229019  1.        ]]",TRUE,FALSE,[0. 0. 0.],[0. 0. 0.],TRUE,[ 0.04882555 -0.0203972  -0.02974365],[-0.0596361  -0.52306575  0.8502034 ],TRUE,[ 0.05059611 -0.08446287 -0.03181959],[-0.05987455 -0.5410791   0.83883756],FALSE,0,FALSE,0,FALSE,0,FALSE
7.91217E+11,"[[ 0.15680504 -0.975879    0.15189561  0.        ]
 [-0.8689435  -0.06322074  0.49085674  0.        ]
 [-0.46941385 -0.20895752 -0.85789704  0.        ]
 [-0.1033287   0.05886227 -0.06692266  1.        ]]",TRUE,FALSE,[0. 0. 0.],[0. 0. 0.],TRUE,[ 0.04884789 -0.02004632 -0.02933299],[-0.05673337 -0.48459488  0.872897  ],TRUE,[ 0.05060511 -0.0834077  -0.03093994],[-0.06184688 -0.41979387  0.9055098 ],FALSE,0,FALSE,0,FALSE,0,FALSE
7.91217E+11,"[[ 0.1418001  -0.976844    0.16021396  0.        ]
 [-0.8923567  -0.05608594  0.44783238  0.        ]
 [-0.42847663 -0.2064707  -0.8796463   0.        ]
 [-0.09838629  0.05960613 -0.07114553  1.        ]]",TRUE,FALSE,[0. 0. 0.],[0. 0. 0.],TRUE,[ 0.04880505 -0.01970762 -0.02903263],[-0.06708289 -0.4446325   0.89319754],TRUE,[ 0.05057037 -0.08336539 -0.03093423],[-0.070602   -0.41049355  0.90912616],FALSE,0,FALSE,0,FALSE,0,FALSE
7.91217E+11,"[[ 0.12700826 -0.97745115  0.1686955   0.        ]
 [-0.9128265  -0.04863727  0.40544078  0.        ]
 [-0.38809365 -0.20548406 -0.8984207   0.        ]
 [-0.0930295   0.06006515 -0.07468462  1.        ]]",TRUE,TRUE,[ 0.04947806 -0.04622468 -0.02968295],[-0.07444498 -0.36962762  0.92619294],TRUE,[ 0.04874602 -0.01920274 -0.02897873],[-0.07287022 -0.38456842  0.92021567],TRUE,[ 0.05047144 -0.08289392 -0.0306386 ],[-0.07655078 -0.349198    0.93391687],FALSE,0,FALSE,0,FALSE,0,FALSE
7.91217E+11,"[[ 0.11240679 -0.9778666   0.17647004  0.        ]
 [-0.9304605  -0.04125726  0.36406195  0.        ]
 [-0.34872335 -0.20512144 -0.9145038   0.        ]
 [-0.08799362  0.06057769 -0.07813978  1.        ]]",TRUE,FALSE,[ 0.04947806 -0.04622468 -0.02968295],[-0.07444498 -0.36962762  0.92619294],TRUE,[ 0.04867465 -0.01878    -0.02890614],[-0.07948093 -0.35112736  0.93294823],TRUE,[ 0.05037815 -0.08225114 -0.03015192],[-0.08421049 -0.28809902  0.9538907 ],FALSE,0,FALSE,0,FALSE,0,FALSE
7.91218E+11,"[[ 0.09778553 -0.97826874  0.18283305  0.        ]
 [-0.9454324  -0.03394067  0.32404506  0.        ]
 [-0.31079772 -0.20454317 -0.92820585  0.        ]
 [-0.083004    0.06110787 -0.0812192   1.        ]]",TRUE,FALSE,[ 0.04947806 -0.04622468 -0.02968295],[-0.07444498 -0.36962762  0.92619294],TRUE,[ 0.04863897 -0.01840195 -0.02877761],[-0.081715   -0.30178046  0.9498691 ],TRUE,[ 0.05026821 -0.08167607 -0.02980121],[-0.08681923 -0.21359956  0.9730559 ],FALSE,0,FALSE,0,FALSE,0,FALSE
7.91218E+11,"[[ 0.08337808 -0.97875994  0.18728818  0.        ]
 [-0.9579422  -0.02693617  0.285694    0.        ]
 [-0.27458102 -0.20323186 -0.9398413   0.        ]
 [-0.07768965  0.06150126 -0.08348274  1.        ]]",TRUE,FALSE,[ 0.04947806 -0.04622468 -0.02968295],[-0.07444498 -0.36962762  0.92619294],TRUE,[ 0.04861053 -0.01801018 -0.02872484],[-0.09134682 -0.25748268  0.96195555],TRUE,[ 0.05015288 -0.08142716 -0.02968898],[-0.09600534 -0.1830683   0.9784013 ],FALSE,0,FALSE,0,FALSE,0,FALSE
7.91218E+11,"[[ 0.06986159 -0.97932464  0.18984896  0.        ]
 [-0.96812445 -0.02067304  0.24961486  0.        ]
 [-0.24052924 -0.20123592 -0.9495524   0.        ]
 [-0.07292271  0.06209278 -0.0857954   1.        ]]",TRUE,FALSE,[ 0.04947806 -0.04622468 -0.02968295],[-0.07444498 -0.36962762  0.92619294],TRUE,[ 0.04858641 -0.01766798 -0.02870848],[-0.08930876 -0.20444107  0.97479624],TRUE,[ 0.05013119 -0.08091562 -0.02948561],[-0.09312762 -0.10948486  0.9896163 ],FALSE,0,FALSE,0,FALSE,0,FALSE
7.91218E+11,"[[ 0.05745018 -0.97994626  0.19080046  0.        ]
 [-0.97629035 -0.01519299  0.21593136  0.        ]
 [-0.2087023  -0.19868192 -0.957585    0.        ]
 [-0.06832266  0.06268686 -0.08772707  1.        ]]",TRUE,TRUE,[ 0.04909064 -0.03946019 -0.02898008],[-0.08477484 -0.15333512  0.9845311 ],TRUE,[ 0.04857613 -0.01739356 -0.02864271],[-0.08358229 -0.17872708  0.98034203],TRUE,[ 0.05005537 -0.08083695 -0.02961269],[-0.08685921 -0.10544867  0.99062407],FALSE,0,FALSE,0,FALSE,0,FALSE
7.91218E+11,"[[ 0.04612511 -0.9805682   0.19067903  0.        ]
 [-0.98279595 -0.01037133  0.18440303  0.        ]
 [-0.17884214 -0.1959042  -0.9641769   0.        ]
 [-0.06367683  0.06311482 -0.0888443   1.        ]]",TRUE,FALSE,[ 0.04909064 -0.03946019 -0.02898008],[-0.08477484 -0.15333512  0.9845311 ],TRUE,[ 0.04858522 -0.01706987 -0.02867968],[-0.08456146 -0.14995895  0.98506945],TRUE,[ 0.05007422 -0.08025115 -0.0292971 ],[-0.08820245 -0.04672692  0.99500597],FALSE,0,FALSE,0,FALSE,0,FALSE
7.91218E+11,"[[ 0.0359171  -0.98111916  0.19003946  0.        ]
 [-0.9878738  -0.00611448  0.15513828  0.        ]
 [-0.15104714 -0.19330713 -0.96944153  0.        ]
 [-0.05943901  0.06365189 -0.09008482  1.        ]]",TRUE,FALSE,[ 0.04909064 -0.03946019 -0.02898008],[-0.08477484 -0.15333512  0.9845311 ],TRUE,[ 0.04859434 -0.01684101 -0.02862131],[-0.07451065 -0.11624262  0.99042207],TRUE,[ 0.05004663 -0.08019512 -0.02940854],[-0.07756435 -0.03242941  0.9964597 ],FALSE,0,FALSE,0,FALSE,0,FALSE
7.91218E+11,"[[ 1.88736916e-02 -9.82390940e-01  1.85881391e-01  0.00000000e+00]
 [-9.94628370e-01  4.76419926e-04  1.03509367e-01  0.00000000e+00]
 [-1.01775214e-01 -1.86836511e-01 -9.77104902e-01  0.00000000e+00]
 [-5.14606573e-02  6.47311434e-02 -9.11066681e-02  1.00000000e+00]]",TRUE,TRUE,[ 0.04902322 -0.03595436 -0.02891987],[-0.08633586 -0.14250839  0.986021  ],TRUE,[ 0.04860361 -0.01709774 -0.02868479],[-0.08831859 -0.1484265   0.9849719 ],TRUE,[ 0.05005228 -0.08023957 -0.02940411],[-0.09157658 -0.04064623  0.9949682 ],FALSE,0,FALSE,0,FALSE,0,FALSE
7.91218E+11,"[[ 0.01225179 -0.9830878   0.18272507  0.        ]
 [-0.9967189   0.00261492  0.08090039  0.        ]
 [-0.08001002 -0.18311669 -0.97983015  0.        ]
 [-0.04786559  0.06531034 -0.09150006  1.        ]]",TRUE,FALSE,[ 0.04902322 -0.03595436 -0.02891987],[-0.08633586 -0.14250839  0.986021  ],TRUE,[ 0.04864063 -0.01701146 -0.02864471],[-0.09451673 -0.12787013  0.98727703],TRUE,[ 0.05010271 -0.08032512 -0.02956338],[-0.09749087 -0.03903829  0.99447054],FALSE,0,FALSE,0,FALSE,0,FALSE
7.91219E+11,"[[ 0.00680715 -0.98374766  0.17942718  0.        ]
 [-0.9981641   0.00411445  0.06042624  0.        ]
 [-0.0601824  -0.17950912 -0.98191357  0.        ]
 [-0.04451358  0.06583336 -0.09168212  1.        ]]",TRUE,FALSE,[ 0.04902322 -0.03595436 -0.02891987],[-0.08633586 -0.14250839  0.986021  ],TRUE,[ 0.04872423 -0.01677705 -0.02861194],[-0.08915412 -0.10264481  0.9907147 ],TRUE,[ 0.05021174 -0.08006953 -0.029461  ],[-0.09206972 -0.0116032   0.995685  ],FALSE,0,FALSE,0,FALSE,0,FALSE
7.91219E+11,"[[ 0.00224429 -0.9843441   0.17624295  0.        ]
 [-0.99909854  0.0052641   0.04212277  0.        ]
 [-0.04239105 -0.17617862 -0.9834449   0.        ]
 [-0.04153189  0.06624987 -0.09122606  1.        ]]",TRUE,TRUE,[ 0.04935125 -0.04017164 -0.02892215],[-0.07468357 -0.06240417  0.9952528 ],TRUE,[ 0.04877393 -0.0164379  -0.02875884],[-0.07360274 -0.0963138   0.99262595],TRUE,[ 0.05031357 -0.07973315 -0.02919437],[-0.07629288 -0.0057199   0.99706906],FALSE,0,FALSE,0,FALSE,0,FALSE
7.91219E+11,"[[-0.00149429 -0.98488134  0.17322421  0.        ]
 [-0.9996447   0.0060814   0.02595381  0.        ]
 [-0.02661487 -0.17312387 -0.98454046  0.        ]
 [-0.0390205   0.06653418 -0.08984405  1.        ]]",TRUE,FALSE,[ 0.04935125 -0.04017164 -0.02892215],[-0.07468357 -0.06240417  0.9952528 ],TRUE,[ 0.04881025 -0.01629092 -0.02873996],[-0.06823887 -0.07556371  0.99480325],TRUE,[ 0.05034788 -0.07964537 -0.02919615],[-0.07030091  0.00808075  0.997493  ],FALSE,0,FALSE,0,FALSE,0,FALSE
7.91219E+11,"[[-0.00446951 -0.9853874   0.17026985  0.        ]
 [-0.9999065   0.00660485  0.01197667  0.        ]
 [-0.01292627 -0.1702004  -0.98532474  0.        ]
 [-0.03645552  0.0669622  -0.08948024  1.        ]]",TRUE,TRUE,[ 0.04937256 -0.03967824 -0.02887482],[-0.07120803 -0.05211633  0.99609905],TRUE,[ 0.04882374 -0.01612933 -0.0287266 ],[-0.06379907 -0.06704161  0.99570835],TRUE,[ 0.05038815 -0.079392   -0.02900343],[-0.06617614  0.02647492  0.99745667],FALSE,0,FALSE,0,FALSE,0,FALSE
7.91219E+11,"[[-6.7350864e-03 -9.8590875e-01  1.6714840e-01  0.0000000e+00]
 [-9.9997675e-01  6.8202615e-03 -6.3814223e-05  0.0000000e+00]
 [-1.0770857e-03 -1.6714495e-01 -9.8593187e-01  0.0000000e+00]
 [-3.4513596e-02  6.7372128e-02 -8.7695889e-02  1.0000000e+00]]",TRUE,FALSE,[ 0.04937256 -0.03967824 -0.02887482],[-0.07120803 -0.05211633  0.99609905],TRUE,[ 0.04885451 -0.01601125 -0.02870701],[-0.0618174  -0.04626053  0.9970148 ],TRUE,[ 0.05041674 -0.0792492  -0.02894581],[-0.06417766  0.04980895  0.99669474],FALSE,0,FALSE,0,FALSE,0,FALSE
7.91219E+11,"[[-0.00837564 -0.9864422   0.16389623  0.        ]
 [-0.999926    0.00681168 -0.01010006  0.        ]
 [ 0.00884668 -0.16396868 -0.98642623  0.        ]
 [-0.03246507  0.06783125 -0.08706158  1.        ]]",TRUE,TRUE,[ 0.04941897 -0.04047043 -0.02885581],[-0.06532411 -0.04400602  0.9968933 ],TRUE,[ 0.0488331  -0.0156758  -0.02895511],[-0.05337225 -0.06867043  0.99621063],TRUE,[ 0.05046072 -0.07893783 -0.0286258 ],[-0.05642821  0.02441056  0.99810827],FALSE,0,FALSE,0,FALSE,0,FALSE
7.91219E+11,"[[-0.00946057 -0.9869807   0.16055977  0.        ]
 [-0.9998089   0.00659037 -0.01840078  0.        ]
 [ 0.01710309 -0.16070318 -0.9868543   0.        ]
 [-0.03065203  0.06832628 -0.08632241  1.        ]]",TRUE,TRUE,[ 0.04954884 -0.04464006 -0.02876147],[-0.064309   -0.04548779  0.99689275],TRUE,[ 0.04874858 -0.01495023 -0.02965534],[-0.06037967 -0.10376381  0.9927675 ],TRUE,[ 0.0505347  -0.07829497 -0.02788871],[-0.06465943 -0.02285429  0.9976457 ],FALSE,0,FALSE,0,FALSE,0,FALSE
7.91219E+11,"[[-0.01000142 -0.9875427   0.15703294  0.        ]
 [-0.9996645   0.00612205 -0.02516828  0.        ]
 [ 0.02389339 -0.15723197 -0.9872726   0.        ]
 [-0.02887198  0.06892788 -0.08506028  1.        ]]",TRUE,TRUE,[ 0.04963504 -0.04732975 -0.02868894],[-0.06291841 -0.04355437  0.997068  ],TRUE,[ 0.04877101 -0.01501583 -0.02950985],[-0.05844392 -0.1048165   0.9927728 ],TRUE,[ 0.05054594 -0.07826067 -0.02787855],[-0.06246611 -0.01164897  0.99797916],FALSE,0,FALSE,0,FALSE,0,FALSE
7.91219E+11,"[[-0.00996423 -0.9881415   0.15322122  0.        ]
 [-0.9995218   0.00535822 -0.03044724  0.        ]
 [ 0.02926523 -0.15345137 -0.9877224   0.        ]
 [-0.0274712   0.06952469 -0.08413236  1.        ]]",TRUE,FALSE,[ 0.04963504 -0.04732975 -0.02868894],[-0.06291841 -0.04355437  0.997068  ],TRUE,[ 0.048851   -0.01500816 -0.02938712],[-0.05278418 -0.06599766  0.99642265],TRUE,[ 0.05057167 -0.07838264 -0.02805111],[-0.05586236  0.01312039  0.9983523 ],FALSE,0,FALSE,0,FALSE,0,FALSE
7.9122E+11,"[[-0.00936341 -0.988768    0.14916512  0.        ]
 [-0.9993968   0.00426477 -0.03446425  0.        ]
 [ 0.033441   -0.14939785 -0.9882115   0.        ]
 [-0.02625628  0.07016763 -0.08313102  1.        ]]",TRUE,TRUE,[ 0.0496515  -0.04708773 -0.02869154],[-0.05745908 -0.03647437  0.9976814 ],TRUE,[ 0.04888108 -0.01504097 -0.02932206],[-0.04674607 -0.06562429  0.9967488 ],TRUE,[ 0.05063251 -0.07837418 -0.02805373],[-0.04985135  0.0181267   0.99859214],FALSE,0,FALSE,0,FALSE,0,FALSE
7.9122E+11,"[[-0.00828803 -0.9894123   0.14489517  0.        ]
 [-0.99929786  0.00290048 -0.03735442  0.        ]
 [ 0.03653867 -0.14510302 -0.98874164  0.        ]
 [-0.02500546  0.07090148 -0.08189818  1.        ]]",TRUE,TRUE,[ 0.04988223 -0.05026335 -0.02857337],[-0.04761056 -0.01653652  0.9987291 ],TRUE,[ 0.04890756 -0.01504112 -0.02927552],[-0.04580437 -0.06548192  0.9968019 ],TRUE,[ 0.05065905 -0.07833582 -0.02801376],[-0.04896818  0.02250198  0.9985469 ],FALSE,0,FALSE,0,FALSE,0,FALSE
7.9122E+11,"[[-0.00688148 -0.9900756   0.14036721  0.        ]
 [-0.9992317   0.00139201 -0.03916854  0.        ]
 [ 0.03858443 -0.14052889 -0.98932445  0.        ]
 [-0.02411559  0.0716088  -0.08077955  1.        ]]",TRUE,TRUE,[ 0.04992995 -0.05130241 -0.02854364],[-0.04628523 -0.0160968   0.99879867],TRUE,[ 0.04893783 -0.01490082 -0.02937168],[-0.04199487 -0.06341884  0.99710304],TRUE,[ 0.05069719 -0.07824904 -0.02792036],[-0.04502945  0.01805099  0.9988227 ],FALSE,0,FALSE,0,FALSE,0,FALSE
7.9122E+11,"[[-5.29921055e-03 -9.90714371e-01  1.35855958e-01  0.00000000e+00]
 [-9.99208510e-01 -1.09910965e-04 -3.97773199e-02  0.00000000e+00]
 [ 3.94228995e-02 -1.35959223e-01 -9.89929676e-01  0.00000000e+00]
 [-2.33983342e-02  7.23335445e-02 -7.96057358e-02  1.00000000e+00]]",TRUE,TRUE,[ 0.04995614 -0.05159742 -0.02853019],[-0.04310209 -0.01550135  0.9989505 ],TRUE,[ 0.04896826 -0.01493008 -0.02932203],[-0.03555239 -0.06334156  0.9973585 ],TRUE,[ 0.05073654 -0.07826141 -0.0279303 ],[-0.03849098  0.01981061  0.99906254],FALSE,0,FALSE,0,FALSE,0,FALSE
7.9122E+11,"[[-0.00364077 -0.9913385   0.13128161  0.        ]
 [-0.99922943 -0.00152421 -0.0392202   0.        ]
 [ 0.03908059 -0.13132325 -0.9905691   0.        ]
 [-0.02264633  0.07314636 -0.07837324  1.        ]]",TRUE,TRUE,[ 0.04995204 -0.05136605 -0.02852722],[-0.04200912 -0.01355954  0.99902534],TRUE,[ 0.04893899 -0.01489296 -0.02932345],[-0.03835258 -0.06276875  0.9972909 ],TRUE,[ 0.05070786 -0.07813442 -0.02790036],[-0.0418798   0.03043853  0.9986589 ],FALSE,0,FALSE,0,FALSE,0,FALSE
7.9122E+11,"[[-0.00193131 -0.99195415  0.12658232  0.        ]
 [-0.99928397 -0.00286829 -0.03772438  0.        ]
 [ 0.03778394 -0.12656456 -0.99123836  0.        ]
 [-0.02223617  0.07387412 -0.07710612  1.        ]]",TRUE,TRUE,[ 0.04983772 -0.05257396 -0.02848194],[-0.06811778  0.01139543  0.9976122 ],TRUE,[ 0.04876066 -0.01491211 -0.02927391],[-0.06590496 -0.06365046  0.9957937 ],TRUE,[ 0.05056114 -0.07786997 -0.02795   ],[-0.06938843  0.06176483  0.99567586],FALSE,0,FALSE,0,FALSE,0,FALSE
7.9122E+11,"[[-2.0325184e-04 -9.9252063e-01  1.2207647e-01  0.0000000e+00]
 [-9.9936408e-01 -4.1509867e-03 -3.5413750e-02  0.0000000e+00]
 [ 3.5655621e-02 -1.2200604e-01 -9.9188852e-01  0.0000000e+00]
 [-2.1961898e-02  7.4576452e-02 -7.5816579e-02  1.0000000e+00]]",TRUE,FALSE,[ 0.04983772 -0.05257396 -0.02848194],[-0.06811778  0.01139543  0.9976122 ],TRUE,[ 0.04873711 -0.01473043 -0.02932978],[-0.06608635 -0.02332353  0.9975413 ],TRUE,[ 0.05050057 -0.07783855 -0.02811159],[-0.06897472  0.08498162  0.9939924 ],FALSE,0,FALSE,0,FALSE,0,FALSE
7.9122E+11,"[[ 0.00155091 -0.99302876  0.11786066  0.        ]
 [-0.9994606  -0.00540471 -0.0323884   0.        ]
 [ 0.03279965 -0.11774687 -0.9925015   0.        ]
 [-0.02160925  0.07532986 -0.07453024  1.        ]]",TRUE,FALSE,[ 0.04983772 -0.05257396 -0.02848194],[-0.06811778  0.01139543  0.9976122 ],TRUE,[ 0.04877241 -0.01463959 -0.02932012],[-0.05055603 -0.0121453   0.99864733],TRUE,[ 0.05058363 -0.07781371 -0.02805716],[-0.05361513  0.08784706  0.9946901 ],FALSE,0,FALSE,0,FALSE,0,FALSE
7.9122E+11,"[[ 0.00333512 -0.9935062   0.11372866  0.        ]
 [-0.999563   -0.00665224 -0.02880053  0.        ]
 [ 0.02937005 -0.11358291 -0.9930942   0.        ]
 [-0.02157671  0.07596512 -0.07321043  1.        ]]",TRUE,TRUE,[ 0.04979926 -0.05001948 -0.02857696],[-0.06143736  0.02189169  0.9978708 ],TRUE,[ 0.04879951 -0.01461671 -0.02931762],[-0.04734877 -0.00422689  0.9988694 ],TRUE,[ 0.05065143 -0.07789947 -0.0280738 ],[-0.0504496   0.08355043  0.9952256 ],FALSE,0,FALSE,0,FALSE,0,FALSE
7.91221E+11,"[[ 0.00516307 -0.9939356   0.10984361  0.        ]
 [-0.9996675  -0.00790608 -0.02454847  0.        ]
 [ 0.025268   -0.10968032 -0.9936459   0.        ]
 [-0.02166518  0.07655496 -0.07188341  1.        ]]",TRUE,TRUE,[ 0.04982445 -0.04874467 -0.02862975],[-0.04779875  0.03956493  0.99807316],TRUE,[ 0.04882913 -0.01465278 -0.02931087],[-0.04604573 -0.00794421  0.9989078 ],TRUE,[ 0.05067657 -0.07793207 -0.02804663],[-0.04921369  0.08016834  0.99556565],FALSE,0,FALSE,0,FALSE,0,FALSE
7.91221E+11,"[[ 0.00703424 -0.99431056  0.10628562  0.        ]
 [-0.999765   -0.00917149 -0.01963597  0.        ]
 [ 0.02049907 -0.10612253 -0.99414134  0.        ]
 [-0.02168619  0.07719707 -0.07061547  1.        ]]",TRUE,TRUE,[ 0.04981835 -0.04807573 -0.02863266],[-0.04577079  0.0384417   0.99821204],TRUE,[ 0.04886787 -0.01472625 -0.02925443],[-0.04026339 -0.00935601  0.99914527],TRUE,[ 0.05069637 -0.07800163 -0.02805623],[-0.04355369  0.07907984  0.9959164 ],FALSE,0,FALSE,0,FALSE,0,FALSE
7.91221E+11,"[[ 0.01093674 -0.9949677   0.09959705  0.        ]
 [-0.99989414 -0.01183724 -0.0084567   0.        ]
 [ 0.0095931  -0.09949403 -0.9949918   0.        ]
 [-0.02238903  0.07819331 -0.06788876  1.        ]]",TRUE,FALSE,[ 0.04981835 -0.04807573 -0.02863266],[-0.04577079  0.0384417   0.99821204],TRUE,[ 0.04893773 -0.01481388 -0.0292138 ],[-0.03216372 -0.01934548  0.99929535],TRUE,[ 0.05077713 -0.07817648 -0.02809345],[-0.03542704  0.05966279  0.99758977],FALSE,0,FALSE,0,FALSE,0,FALSE
7.91221E+11,"[[ 0.01298589 -0.9952577   0.09640329  0.        ]
 [-0.9999091  -0.01327431 -0.00235137  0.        ]
 [ 0.0036199  -0.09636399 -0.99533963  0.        ]
 [-0.0226604   0.07874935 -0.06664653  1.        ]]",TRUE,TRUE,[ 0.0498067  -0.04611542 -0.02866112],[-0.03817182  0.02907794  0.9988481 ],TRUE,[ 0.04900228 -0.01493551 -0.02909286],[-0.02729629 -0.01602411  0.9994989 ],TRUE,[ 0.0508099  -0.07832192 -0.02817883],[-0.0304617   0.06069215  0.9976916 ],FALSE,0,FALSE,0,FALSE,0,FALSE
7.91221E+11,"[[ 0.01506597 -0.9955283   0.09325565  0.        ]
 [-0.9998836  -0.01477087  0.00385473  0.        ]
 [-0.00246003 -0.09330286 -0.9956348   0.        ]
 [-0.0231814   0.07917362 -0.06529516  1.        ]]",TRUE,FALSE,[ 0.0498067  -0.04611542 -0.02866112],[-0.03817182  0.02907794  0.9988481 ],TRUE,[ 0.04904937 -0.01510873 -0.02896181],[-0.0247774  -0.02564218  0.9993641 ],TRUE,[ 0.05087367 -0.07844391 -0.02825784],[-0.0281515   0.0568304   0.99798685],FALSE,0,FALSE,0,FALSE,0,FALSE
7.91221E+11,"[[ 0.01787221 -0.99584836  0.08925669  0.        ]
 [-0.99978215 -0.01683664  0.01234302  0.        ]
 [-0.010789   -0.08945784 -0.99593234  0.        ]
 [-0.02384791  0.07975909 -0.0635945   1.        ]]",TRUE,FALSE,[ 0.0498067  -0.04611542 -0.02866112],[-0.03817182  0.02907794  0.9988481 ],TRUE,[ 0.04917702 -0.01500865 -0.02898379],[-0.01163709 -0.01474801  0.9998236 ],TRUE,[ 0.05102111 -0.07827548 -0.02823094],[-0.01495408  0.07471192  0.99709314],FALSE,0,FALSE,0,FALSE,0,FALSE
7.91221E+11,"[[ 0.01787221 -0.99584836  0.08925676  0.        ]
 [-0.99978215 -0.01683664  0.012343    0.        ]
 [-0.01078898 -0.0894579  -0.99593234  0.        ]
 [-0.02384838  0.07975902 -0.06359305  1.        ]]",TRUE,FALSE,[ 0.0498067  -0.04611542 -0.02866112],[-0.03817182  0.02907794  0.9988481 ],TRUE,[ 0.04917702 -0.01500865 -0.02898379],[-0.01163709 -0.01474801  0.9998236 ],TRUE,[ 0.05102111 -0.07827548 -0.02823094],[-0.01495408  0.07471192  0.99709314],FALSE,0,FALSE,0,FALSE,0,FALSE
7.91222E+11,"[[ 0.0214895  -0.99619275  0.08448718  0.        ]
 [-0.99951917 -0.0195179   0.02409158  0.        ]
 [-0.02235084 -0.08496427 -0.9961331   0.        ]
 [-0.02495231  0.08035527 -0.06127577  1.        ]]",TRUE,TRUE,[ 0.05007867 -0.03996675 -0.02875857],[-0.00773973  0.0545215   0.9984826 ],TRUE,[ 0.04934952 -0.01456104 -0.02917822],[-0.00644785  0.02079902  0.99976295],TRUE,[ 0.05116647 -0.07786936 -0.02813252],[-0.00965065  0.10471629  0.9944554 ],FALSE,0,FALSE,0,FALSE,0,FALSE
7.91222E+11,"[[ 0.023081   -0.99632233  0.0825179   0.        ]
 [-0.99933    -0.02064776  0.03022415  0.        ]
 [-0.0284092  -0.08316021 -0.9961314   0.        ]
 [-0.0255241   0.08066624 -0.06023699  1.        ]]",TRUE,TRUE,[ 0.05008787 -0.03929439 -0.02875827],[-0.0071176   0.05227318  0.9986075 ],TRUE,[ 0.04941669 -0.01471349 -0.02908278],[-0.00470954  0.0161993   0.9998576 ],TRUE,[ 0.05121825 -0.07802053 -0.02822272],[-0.00801279  0.10055351  0.9948994 ],FALSE,0,FALSE,0,FALSE,0,FALSE
7.91222E+11,"[[ 0.02442104 -0.99642307  0.08089581  0.        ]
 [-0.99910206 -0.02152383  0.03648755  0.        ]
 [-0.03461583 -0.08171424 -0.99605393  0.        ]
 [-0.02612869  0.08095089 -0.05923732  1.        ]]",TRUE,TRUE,[ 0.05014506 -0.04067902 -0.02872333],[-0.00690824  0.04989541  0.9987306 ],TRUE,[ 0.04943146 -0.01475283 -0.02907403],[-0.00515813  0.00805029  0.9999543 ],TRUE,[ 0.05125849 -0.07807229 -0.02814601],[-0.00827681  0.0910147   0.99581516],FALSE,0,FALSE,0,FALSE,0,FALSE
7.91222E+11,"[[ 0.02546912 -0.99649554  0.07967574  0.        ]
 [-0.99884504 -0.02211869  0.04265753  0.        ]
 [-0.04074572 -0.08067016 -0.9959079   0.        ]
 [-0.02679968  0.08113931 -0.05820675  1.        ]]",TRUE,TRUE,[ 0.05017198 -0.04116815 -0.02870055],[-0.00658121  0.04570696  0.99893326],TRUE,[ 0.04944732 -0.0148684  -0.02897344],[-0.00463884  0.0025062   0.999986  ],TRUE,[ 0.05128444 -0.07820252 -0.02819509],[-0.00784139  0.08418062  0.99641967],FALSE,0,FALSE,0,FALSE,0,FALSE
7.91222E+11,"[[ 0.02630806 -0.9965498   0.07871805  0.        ]
 [-0.9985686  -0.02252948  0.04851054  0.        ]
 [-0.04656969 -0.07988159 -0.995716    0.        ]
 [-0.0274003   0.08137518 -0.05735737  1.        ]]",TRUE,TRUE,[ 0.05023909 -0.04306267 -0.02866183],[-0.00576471  0.04329589  0.9990457 ],TRUE,[ 0.04946514 -0.01488629 -0.02898435],[-0.00245082 -0.0050289   0.9999844 ],TRUE,[ 0.05131221 -0.07824436 -0.02813846],[-0.00580901  0.07400973  0.9972406 ],FALSE,0,FALSE,0,FALSE,0,FALSE
7.91222E+11,"[[ 0.02699476 -0.99658084  0.07808735  0.        ]
 [-0.9982854  -0.02281737  0.05389991  0.        ]
 [-0.05193387 -0.0794085  -0.99548817  0.        ]
 [-0.02797157  0.08155596 -0.05660456  1.        ]]",TRUE,FALSE,[ 0.05023909 -0.04306267 -0.02866183],[-0.00576471  0.04329589  0.9990457 ],TRUE,[ 0.04948838 -0.01481648 -0.02911162],[ 2.5571411e-04 -1.9960422e-02  9.9980068e-01],TRUE,[ 0.05132571 -0.07820451 -0.02798361],[-0.0028387   0.05555062  0.99845177],FALSE,0,FALSE,0,FALSE,0,FALSE
7.91222E+11,"[[ 0.02753478 -0.99656457  0.07810862  0.        ]
 [-0.99800676 -0.0229677   0.05878028  0.        ]
 [-0.05678437 -0.07957143 -0.99521065  0.        ]
 [-0.02855901  0.08159101 -0.05586351  1.        ]]",TRUE,TRUE,[ 0.05032187 -0.0454959  -0.02860495],[-0.00409433  0.03340173  0.9994337 ],TRUE,[ 0.04947456 -0.01478072 -0.02917438],[ 8.9553016e-04 -3.2571670e-02  9.9946904e-01],TRUE,[ 0.0513399  -0.07820027 -0.02791153],[-0.00214799  0.03923668  0.99922764],FALSE,0,FALSE,0,FALSE,0,FALSE
7.91222E+11,"[[ 0.02788413 -0.9964903   0.07892779  0.        ]
 [-0.9977289  -0.02290154  0.06334443  0.        ]
 [-0.06131455 -0.08051483 -0.9948658   0.        ]
 [-0.02905085  0.08171608 -0.05546032  1.        ]]",TRUE,TRUE,[ 0.05078731 -0.05949987 -0.0282818 ],[-0.00388531  0.01094737  0.9999325 ],TRUE,[ 0.04947226 -0.01479098 -0.02917497],[-0.00186788 -0.03628669  0.99933964],TRUE,[ 0.05133897 -0.078255   -0.02790713],[-0.00472896  0.03075454  0.9995158 ],FALSE,0,FALSE,0,FALSE,0,FALSE
7.91222E+11,"[[ 0.02810389 -0.9963863   0.08015186  0.        ]
 [-0.99744904 -0.02268946  0.06767873  0.        ]
 [-0.06561556 -0.08184943 -0.9944823   0.        ]
 [-0.02961694  0.08165433 -0.05492561  1.        ]]",TRUE,TRUE,[ 0.0507811  -0.05965085 -0.02827678],[-0.00425635  0.01310938  0.9999051 ],TRUE,[ 0.04946438 -0.01494934 -0.02903032],[-0.00305665 -0.03553324  0.99936384],TRUE,[ 0.05131682 -0.0783501  -0.02795806],[-0.00572241  0.03888661  0.9992273 ],FALSE,0,FALSE,0,FALSE,0,FALSE
7.91223E+11,"[[ 0.02831811 -0.99626404  0.08158539  0.        ]
 [-0.99715835 -0.02245486  0.07191022  0.        ]
 [-0.06980959 -0.08338992 -0.994069    0.        ]
 [-0.03018457  0.08156517 -0.05446579  1.        ]]",TRUE,TRUE,[ 0.05074301 -0.05864767 -0.02828865],[-0.00498211  0.01040082  0.9999335 ],TRUE,[ 0.04945498 -0.01496702 -0.02904097],[-0.00483407 -0.04190118  0.99911004],TRUE,[ 0.05129936 -0.07839385 -0.0279321 ],[-0.00705265  0.02973458  0.999533  ],FALSE,0,FALSE,0,FALSE,0,FALSE
7.91223E+11,"[[ 0.02863783 -0.996112    0.0833135   0.        ]
 [-0.99685895 -0.02230358  0.07599464  0.        ]
 [-0.07384098 -0.08522813 -0.9936218   0.        ]
 [-0.03065335  0.08158051 -0.05429056  1.        ]]",TRUE,TRUE,[ 0.05071276 -0.05790514 -0.02829843],[-0.00678412  0.0063555   0.9999568 ],TRUE,[ 0.04944509 -0.01500349 -0.02903292],[-0.00855897 -0.04627474  0.998892  ],TRUE,[ 0.05128073 -0.07844321 -0.0279331 ],[-0.01084471  0.02419084  0.9996485 ],FALSE,0,FALSE,0,FALSE,0,FALSE
7.91223E+11,"[[ 0.0291301  -0.99593216  0.0852687   0.        ]
 [-0.99656767 -0.02232373  0.07971627  0.        ]
 [-0.07748847 -0.08729816 -0.99316406  0.        ]
 [-0.03119837  0.08143035 -0.05397482  1.        ]]",TRUE,FALSE,[ 0.05071276 -0.05790514 -0.02829843],[-0.00678412  0.0063555   0.9999568 ],TRUE,[ 0.04944119 -0.01547768 -0.02857536],[-0.01833559 -0.02355196  0.99955446],TRUE,[ 0.05126097 -0.0788945  -0.02840551],[-0.02056023  0.04978595  0.9985483 ],FALSE,0,FALSE,0,FALSE,0,FALSE
7.91223E+11,"[[ 0.0298093  -0.9957313   0.08735202  0.        ]
 [-0.9963016  -0.02255273  0.08291081  0.        ]
 [-0.08058687 -0.08950047 -0.9927211   0.        ]
 [-0.03171012  0.08125433 -0.05373245  1.        ]]",TRUE,TRUE,[ 0.05064116 -0.05599939 -0.02833706],[-0.01158856  0.00808322  0.9999003 ],TRUE,[ 0.0494069  -0.01548866 -0.02859047],[-0.01913759 -0.02441004  0.9995188 ],TRUE,[ 0.05123563 -0.078938   -0.0283997 ],[-0.02125584  0.04528982  0.9987478 ],FALSE,0,FALSE,0,FALSE,0,FALSE
7.91223E+11,"[[ 0.03064382 -0.99552584  0.08938292  0.        ]
 [-0.9960692  -0.02297997  0.08554578  0.        ]
 [-0.08310903 -0.09165302 -0.99231696  0.        ]
 [-0.03212488  0.08119376 -0.05378871  1.        ]]",TRUE,TRUE,[ 0.0505924  -0.05497347 -0.02834763],[-0.01275342  0.00558478  0.999903  ],TRUE,[ 0.04934439 -0.01539335 -0.02870604],[-0.01292549 -0.04017083  0.9991092 ],TRUE,[ 0.05119222 -0.07878809 -0.02814381],[-0.01529075  0.03594976  0.9992365 ],FALSE,0,FALSE,0,FALSE,0,FALSE
7.91223E+11,"[[ 0.03164786 -0.9953385   0.09110387  0.        ]
 [-0.995871   -0.02364254  0.08764859  0.        ]
 [-0.08508609 -0.09350159 -0.991977    0.        ]
 [-0.03257055  0.08102055 -0.05368064  1.        ]]",TRUE,TRUE,[ 0.05056633 -0.05467608 -0.02834746],[-0.01404879  0.00338445  0.9998955 ],TRUE,[ 0.04931833 -0.01541618 -0.02869187],[-0.01409271 -0.04677222  0.99880624],TRUE,[ 0.05116426 -0.07878837 -0.02810773],[-0.01676632  0.03193031  0.99934953],FALSE,0,FALSE,0,FALSE,0,FALSE
7.91223E+11,"[[ 0.03280956 -0.9951762   0.09245286  0.        ]
 [-0.9956988  -0.02452648  0.08934227  0.        ]
 [-0.08664376 -0.09498648 -0.9917004   0.        ]
 [-0.03299817  0.08085262 -0.05361379  1.        ]]",TRUE,TRUE,[ 0.0505484  -0.05458965 -0.02834535],[-0.01579812  0.00178881  0.9998736 ],TRUE,[ 0.04930174 -0.01538506 -0.0287196 ],[-0.01661546 -0.04710833  0.99875164],TRUE,[ 0.05114293 -0.07877705 -0.02808078],[-0.0191904   0.0293991   0.99938357],FALSE,0,FALSE,0,FALSE,0,FALSE
7.91223E+11,"[[ 0.03407288 -0.9950313   0.09355129  0.        ]
 [-0.9955388  -0.02555072  0.09082887  0.        ]
 [-0.08798726 -0.09622873 -0.9914627   0.        ]
 [-0.03335097  0.08077446 -0.05381917  1.        ]]",TRUE,TRUE,[ 0.05054665 -0.05498405 -0.02833891],[-0.01768564  0.00158734  0.9998424 ],TRUE,[ 0.04928964 -0.01540468 -0.02871524],[-0.0186038  -0.05028068  0.9985618 ],TRUE,[ 0.0511333  -0.07878671 -0.02808062],[-0.02098176  0.02722865  0.99940896],FALSE,0,FALSE,0,FALSE,0,FALSE
7.91223E+11,"[[ 0.03540039 -0.9948989   0.09446014  0.        ]
 [-0.9953835  -0.02666366  0.09219836  0.        ]
 [-0.08920939 -0.09728793 -0.9912498   0.        ]
 [-0.03374877  0.080593   -0.05381602  1.        ]]",TRUE,TRUE,[ 0.0505452  -0.05532845 -0.02833303],[-1.9586653e-02  7.9813506e-04  9.9980795e-01],TRUE,[ 0.04928135 -0.01539872 -0.02872143],[-0.02044453 -0.05145356  0.9984661 ],TRUE,[ 0.05112412 -0.07879528 -0.02807129],[-0.02274504  0.02447243  0.99944174],FALSE,0,FALSE,0,FALSE,0,FALSE
7.91224E+11,"[[ 0.03666741 -0.9947814   0.09521176  0.        ]
 [-0.9952425  -0.02774537  0.09339326  0.        ]
 [-0.09026419 -0.09818328 -0.991066    0.        ]
 [-0.03411654  0.08041483 -0.05382398  1.        ]]",TRUE,TRUE,[ 0.05051762 -0.05518521 -0.0283328 ],[-2.1103276e-02 -9.1009215e-04  9.9977696e-01],TRUE,[ 0.04926408 -0.01540341 -0.02872257],[-0.02119235 -0.05383826  0.99832475],TRUE,[ 0.05111799 -0.07880811 -0.02806401],[-0.02341334  0.02127289  0.99949956],FALSE,0,FALSE,0,FALSE,0,FALSE
7.91224E+11,"[[ 0.03781545 -0.9946752   0.09587064  0.        ]
 [-0.9951343  -0.02874959  0.09423937  0.        ]
 [-0.09098132 -0.09896787 -0.99092245  0.        ]
 [-0.03437516  0.08033253 -0.05409406  1.        ]]",TRUE,TRUE,[ 0.05048003 -0.05464466 -0.02833716],[-0.02205501 -0.0038887   0.9997491 ],TRUE,[ 0.04925034 -0.01542157 -0.02872236],[-0.02109246 -0.05536832  0.9982432 ],TRUE,[ 0.05111862 -0.0788163  -0.02806042],[-0.023395    0.020847    0.99950886],FALSE,0,FALSE,0,FALSE,0,FALSE
7.91224E+11,"[[ 0.03884298 -0.9945731   0.09651679  0.        ]
 [-0.99506986 -0.02967894  0.09463103  0.        ]
 [-0.09125295 -0.09971669 -0.99082255  0.        ]
 [-0.03462554  0.08016346 -0.05416432  1.        ]]",TRUE,TRUE,[ 0.05045111 -0.05437409 -0.02833777],[-0.0227138  -0.00632964  0.999722  ],TRUE,[ 0.04924093 -0.01542015 -0.02873425],[-0.02112137 -0.05618897  0.9981967 ],TRUE,[ 0.05111187 -0.07881211 -0.02804989],[-0.02355395  0.02029075  0.99951667],FALSE,0,FALSE,0,FALSE,0,FALSE
7.91224E+11,"[[ 0.03976905 -0.9944654   0.09724697  0.        ]
 [-0.9950467  -0.03054142  0.09460045  0.        ]
 [-0.09110681 -0.10052744 -0.9907541   0.        ]
 [-0.03480828  0.07998718 -0.05425534  1.        ]]",TRUE,TRUE,[ 0.050442   -0.05475489 -0.02832745],[-0.02437987 -0.00797263  0.999671  ],TRUE,[ 0.04922837 -0.01539394 -0.02877604],[-0.02459929 -0.06485942  0.99759126],TRUE,[ 0.05110039 -0.07876759 -0.02798346],[-0.02681322  0.01440309  0.99953675],FALSE,0,FALSE,0,FALSE,0,FALSE
7.91224E+11,"[[ 0.04063779 -0.99434924  0.09807239  0.        ]
 [-0.9950521  -0.03136849  0.09427314  0.        ]
 [-0.09066406 -0.10141819 -0.99070406  0.        ]
 [-0.03490758  0.07986813 -0.05459823  1.        ]]",TRUE,TRUE,[ 0.05045118 -0.05560514 -0.02830532],[-0.02538586 -0.01039119  0.9996237 ],TRUE,[ 0.04922424 -0.01540207 -0.02876489],[-0.02449529 -0.06529098  0.99756557],TRUE,[ 0.051092   -0.07877716 -0.0280091 ],[-0.02653465  0.01387173  0.99955165],FALSE,0,FALSE,0,FALSE,0,FALSE
7.91224E+11,"[[ 0.04141325 -0.9942349   0.09890266  0.        ]
 [-0.9950764  -0.0321213   0.09375992  0.        ]
 [-0.0900425  -0.10229861 -0.99066997  0.        ]
 [-0.03499123  0.07967027 -0.05472505  1.        ]]",TRUE,TRUE,[ 0.05046624 -0.05656949 -0.02828829],[-0.02582807 -0.01116747  0.99960405],TRUE,[ 0.04918509 -0.01531621 -0.02885726],[-0.02346708 -0.06373263  0.99769115],TRUE,[ 0.05107148 -0.0787234  -0.02795709],[-0.02596242  0.01188378  0.9995923 ],FALSE,0,FALSE,0,FALSE,0,FALSE
7.91224E+11,"[[ 0.04206097 -0.9941209   0.09977044  0.        ]
 [-0.9951119  -0.03275275  0.09316207  0.        ]
 [-0.0893466  -0.10320125 -0.9906392   0.        ]
 [-0.03502966  0.07946682 -0.05485338  1.        ]]",TRUE,TRUE,[ 0.0504775  -0.05732675 -0.02827533],[-0.02610412 -0.01138052  0.9995945 ],TRUE,[ 0.04916325 -0.01531571 -0.02885155],[-0.02383465 -0.06390482  0.99767137],TRUE,[ 0.05107231 -0.07872447 -0.02796012],[-0.02575755  0.01147969  0.9996024 ],FALSE,0,FALSE,0,FALSE,0,FALSE
7.91224E+11,"[[ 0.04252666 -0.9940064   0.10070982  0.        ]
 [-0.9951589  -0.03320408  0.09249867  0.        ]
 [-0.0886003  -0.10415594 -0.9906064   0.        ]
 [-0.03499546  0.07933366 -0.05520181  1.        ]]",TRUE,TRUE,[ 0.05048538 -0.05795503 -0.02826418],[-0.02687771 -0.01168891  0.9995704 ],TRUE,[ 0.04914525 -0.01531771 -0.02884516],[-0.02534571 -0.06402703  0.99762625],TRUE,[ 0.0510587  -0.0787296  -0.02796198],[-0.02760148  0.01110194  0.99955726],FALSE,0,FALSE,0,FALSE,0,FALSE
7.91225E+11,"[[ 0.0429042  -0.9938145   0.10242981  0.        ]
 [-0.9953342  -0.03364956  0.09042919  0.        ]
 [-0.08642313 -0.10583169 -0.9906213   0.        ]
 [-0.03482598  0.07900041 -0.0554344   1.        ]]",TRUE,TRUE,[ 0.0504767  -0.05837473 -0.02824926],[-0.02933975 -0.0124351   0.99949217],TRUE,[ 0.04909489 -0.01525581 -0.02889615],[-0.02929513 -0.06334434  0.99756163],TRUE,[ 0.05104398 -0.07869577 -0.02792311],[-0.03124697  0.00849624  0.9994756 ],FALSE,0,FALSE,0,FALSE,0,FALSE
7.91225E+11,"[[ 0.0429107  -0.9937239   0.10330185  0.        ]
 [-0.99547476 -0.03375196  0.08883002  0.        ]
 [-0.08478588 -0.10664614 -0.99067545  0.        ]
 [-0.03464462  0.07889332 -0.05576778  1.        ]]",TRUE,TRUE,[ 0.05046589 -0.05837966 -0.02824373],[-0.03025235 -0.01312732  0.9994561 ],TRUE,[ 0.0490884  -0.01530458 -0.02880576],[-0.02898682 -0.06449938  0.9974966 ],TRUE,[ 0.05103582 -0.07870606 -0.02794435],[-0.03119567  0.01171306  0.9994447 ],FALSE,0,FALSE,0,FALSE,0,FALSE
7.91225E+11,"[[ 0.04293621 -0.9936344   0.10415055  0.        ]
 [-0.9956365  -0.03391027  0.08693726  0.        ]
 [-0.08285208 -0.10742885 -0.9907547   0.        ]
 [-0.03443074  0.07874631 -0.05588809  1.        ]]",TRUE,TRUE,[ 0.05046204 -0.05867565 -0.02823357],[-0.03168521 -0.01369846  0.9994041 ],TRUE,[ 0.04906487 -0.01527106 -0.02882587],[-0.03138585 -0.06491177  0.9973973 ],TRUE,[ 0.05101621 -0.07865997 -0.02790399],[-0.03361008  0.0126962   0.9993544 ],FALSE,0,FALSE,0,FALSE,0,FALSE
7.91225E+11,"[[ 0.04299879 -0.99356323  0.10480055  0.        ]
 [-0.99580353 -0.03413939  0.08491043  0.        ]
 [-0.08078605 -0.1080118  -0.99086165  0.        ]
 [-0.03419166  0.07862796 -0.05598716  1.        ]]",TRUE,TRUE,[ 0.05045995 -0.05904348 -0.02822058],[-0.0320131  -0.01421086  0.9993865 ],TRUE,[ 0.04904965 -0.01519794 -0.02887306],[-0.02983335 -0.06426077  0.99748707],TRUE,[ 0.05100376 -0.07860499 -0.02784987],[-0.03169853  0.01116453  0.9994352 ],FALSE,0,FALSE,0,FALSE,0,FALSE
7.91225E+11,"[[ 0.04316705 -0.9935153   0.1051861   0.        ]
 [-0.9959592  -0.03449464  0.08291855  0.        ]
 [-0.0787525  -0.10834042 -0.9909898   0.        ]
 [-0.03392667  0.07859808 -0.0562863   1.        ]]",TRUE,TRUE,[ 0.05044048 -0.05883646 -0.02821615],[-0.03307927 -0.01472058  0.9993443 ],TRUE,[ 0.0490383  -0.01516489 -0.02889684],[-0.03225022 -0.06495058  0.9973672 ],TRUE,[ 0.05098579 -0.07856663 -0.02782155],[-0.03421871  0.01101236  0.9993537 ],FALSE,0,FALSE,0,FALSE,0,FALSE
7.91225E+11,"[[ 0.04348201 -0.9934905   0.10528969  0.        ]
 [-0.996095   -0.03500617  0.08105178  0.        ]
 [-0.07683838 -0.10840282 -0.9911331   0.        ]
 [-0.03366869  0.07854878 -0.05635264  1.        ]]",TRUE,TRUE,[ 0.05043371 -0.05903981 -0.02820186],[-0.03279744 -0.01536122  0.999344  ],TRUE,[ 0.04902022 -0.01501276 -0.02904191],[-0.02966385 -0.06304272  0.99756986],TRUE,[ 0.05098413 -0.0784712  -0.02771991],[-0.03124464  0.00606733  0.9994934 ],FALSE,0,FALSE,0,FALSE,0,FALSE
7.91225E+11,"[[ 0.04386985 -0.99348867  0.10514495  0.        ]
 [-0.99620736 -0.03558636  0.07940006  0.        ]
 [-0.07514131 -0.10822944 -0.99128175  0.        ]
 [-0.0334117   0.07852565 -0.05638734  1.        ]]",TRUE,TRUE,[ 0.05041443 -0.05874639 -0.0281957 ],[-0.03233379 -0.01613395  0.9993469 ],TRUE,[ 0.04901842 -0.01502015 -0.02902836],[-0.0289842  -0.06353753  0.9975585 ],TRUE,[ 0.05098554 -0.0784504  -0.02771519],[-0.03061985  0.00867215  0.99949354],FALSE,0,FALSE,0,FALSE,0,FALSE
7.91225E+11,"[[ 0.04417288 -0.99350166  0.10489597  0.        ]
 [-0.99629986 -0.03606045  0.07801345  0.        ]
 [-0.07372389 -0.10795394 -0.9914186   0.        ]
