Timestamp,Pose,Calibration_Valid,Combined_Eye_Gaze_Valid,Combined_Eye_Gaze_Origin,Combined_Eye_Gaze_Direction,Left_Eye_Gaze_Valid,Left_Eye_Gaze_Origin,Left_Eye_Gaze_Direction,Right_Eye_Gaze_Valid,Right_Eye_Gaze_Origin,Right_Eye_Gaze_Direction,Left_Eye_Openness_Valid,Left_Eye_Openness,Right_Eye_Openness_Valid,Right_Eye_Openness,Vergence_Distance_Valid,Vergence_Distance,Target
35240119522,"[[ 0.03652942 -0.87526083  0.4822696   0.        ]
 [-0.9642428   0.09588981  0.24706453  0.        ]
 [-0.26249063 -0.4740501  -0.84046113  0.        ]
 [ 0.04389573  0.04306111 -0.14891699  1.        ]]",False,False,[ 0.04575959 -0.05007174 -0.03278007],[-0.06539102  0.1093594   0.99184906],False,[ 0.04603117 -0.01531701 -0.03239099],[-0.05883     0.03761661  0.9975591 ],False,[ 0.04566369 -0.07783175 -0.03301913],[-0.05656637  0.1523054   0.9867134 ],False,0.0,False,0.0,False,0.0,False
35240235430,"[[ 0.03652942 -0.87526083  0.4822696   0.        ]
 [-0.9642428   0.09588981  0.24706453  0.        ]
 [-0.26249063 -0.4740501  -0.84046113  0.        ]
 [ 0.04389573  0.04306111 -0.14891699  1.        ]]",False,False,[ 0.04575959 -0.05007174 -0.03278007],[-0.06539102  0.1093594   0.99184906],False,[ 0.04603117 -0.01531701 -0.03239099],[-0.05883     0.03761661  0.9975591 ],False,[ 0.04566369 -0.07783175 -0.03301913],[-0.05656637  0.1523054   0.9867134 ],False,0.0,False,0.0,False,0.0,False
35240371651,"[[ 0.02068484 -0.96927726  0.24509963  0.        ]
 [-0.9989145  -0.00980198  0.04553937  0.        ]
 [-0.04173782 -0.24577555 -0.9684279   0.        ]
 [ 0.03232173  0.07862172 -0.12945792  1.        ]]",True,False,[ 0.04575959 -0.05007174 -0.03278007],[-0.06539102  0.1093594   0.99184906],False,[ 0.04603117 -0.01531701 -0.03239099],[-0.05883     0.03761661  0.9975591 ],False,[ 0.04566369 -0.07783175 -0.03301913],[-0.05656637  0.1523054   0.9867134 ],False,0.0,False,0.0,False,0.0,False
35240525274,"[[ 0.02310532 -0.9714197   0.23624092  0.        ]
 [-0.9989798  -0.01326323  0.04316518  0.        ]
 [-0.03879815 -0.23699728 -0.9707351   0.        ]
 [ 0.03223523  0.07973082 -0.12846033  1.        ]]",True,False,[ 0.04575959 -0.05007174 -0.03278007],[-0.06539102  0.1093594   0.99184906],False,[ 0.04603117 -0.01531701 -0.03239099],[-0.05883     0.03761661  0.9975591 ],False,[ 0.04566369 -0.07783175 -0.03301913],[-0.05656637  0.1523054   0.9867134 ],False,0.0,False,0.0,False,0.0,False
35240632139,"[[ 0.02475411 -0.97278416  0.23038688  0.        ]
 [-0.99901545 -0.01558447  0.04153552  0.        ]
 [-0.03681464 -0.23118821 -0.9722121   0.        ]
 [ 0.03217015  0.0804539  -0.12775397  1.        ]]",True,False,[ 0.04575959 -0.05007174 -0.03278007],[-0.06539102  0.1093594   0.99184906],False,[ 0.04603117 -0.01531701 -0.03239099],[-0.05883     0.03761661  0.9975591 ],False,[ 0.04566369 -0.07783175 -0.03301913],[-0.05656637  0.1523054   0.9867134 ],False,0.0,False,0.0,False,0.0,False
35240742819,"[[ 0.02649158 -0.97408265  0.2246365   0.        ]
 [-0.9990416  -0.01796532  0.0399172   0.        ]
 [-0.03484703 -0.22547865 -0.97362506  0.        ]
 [ 0.0320716   0.08114631 -0.12705609  1.        ]]",True,False,[ 0.04575959 -0.05007174 -0.03278007],[-0.06539102  0.1093594   0.99184906],False,[ 0.04603117 -0.01531701 -0.03239099],[-0.05883     0.03761661  0.9975591 ],False,[ 0.04566369 -0.07783175 -0.03301913],[-0.05656637  0.1523054   0.9867134 ],False,0.0,False,0.0,False,0.0,False
35240853934,"[[ 0.02824366 -0.97527283  0.2191926   0.        ]
 [-0.9990589  -0.02031982  0.03832162  0.        ]
 [-0.03292008 -0.22006866 -0.97492886  0.        ]
 [ 0.031957    0.08179384 -0.12637061  1.        ]]",True,False,[ 0.04575959 -0.05007174 -0.03278007],[-0.06539102  0.1093594   0.99184906],False,[ 0.04603117 -0.01531701 -0.03239099],[-0.05883     0.03761661  0.9975591 ],False,[ 0.04566369 -0.07783175 -0.03301913],[-0.05656637  0.1523054   0.9867134 ],False,0.0,False,0.0,False,0.0,False
35240965046,"[[ 0.02996582 -0.97636807  0.21402639  0.        ]
 [-0.99906933 -0.02261078  0.03673058  0.        ]
 [-0.03102323 -0.21492788 -0.9761369   0.        ]
 [ 0.03183897  0.08242129 -0.12569746  1.        ]]",True,False,[ 0.04575959 -0.05007174 -0.03278007],[-0.06539102  0.1093594   0.99184906],False,[ 0.04603117 -0.01531701 -0.03239099],[-0.05883     0.03761661  0.9975591 ],False,[ 0.04566369 -0.07783175 -0.03301913],[-0.05656637  0.1523054   0.9867134 ],False,0.0,False,0.0,False,0.0,False
35241076159,"[[ 0.031654   -0.97737175  0.20914729  0.        ]
 [-0.99907094 -0.02481723  0.03523362  0.        ]
 [-0.0292459  -0.21006826 -0.97724926  0.        ]
 [ 0.03169242  0.08299699 -0.1250464   1.        ]]",True,False,[ 0.04575959 -0.05007174 -0.03278007],[-0.06539102  0.1093594   0.99184906],False,[ 0.04603117 -0.01531701 -0.03239099],[-0.05883     0.03761661  0.9975591 ],False,[ 0.04566369 -0.07783175 -0.03301913],[-0.05656637  0.1523054   0.9867134 ],False,0.0,False,0.0,False,0.0,False
35241187272,"[[ 0.0332793  -0.9782813   0.20459257  0.        ]
 [-0.99906534 -0.02691209  0.0338261   0.        ]
 [-0.02758542 -0.20552705 -0.97826266  0.        ]
 [ 0.03152934  0.08353367 -0.12441194  1.        ]]",True,False,[ 0.04575959 -0.05007174 -0.03278007],[-0.06539102  0.1093594   0.99184906],False,[ 0.04603117 -0.01531701 -0.03239099],[-0.05883     0.03761661  0.9975591 ],False,[ 0.04566369 -0.07783175 -0.03301913],[-0.05656637  0.1523054   0.9867134 ],False,0.0,False,0.0,False,0.0,False
35241298384,"[[ 0.03480911 -0.9791005   0.20037545  0.        ]
 [-0.9990559  -0.0288769   0.03245297  0.        ]
 [-0.0259885  -0.20131595 -0.9791814   0.        ]
 [ 0.0313607   0.08405992 -0.12379154  1.        ]]",True,True,[ 0.04605845 -0.01625425 -0.03192922],[-0.07388246 -0.06494853  0.99514973],True,[ 0.04605845 -0.01625426 -0.03192922],[-0.07388246 -0.06494852  0.99514973],False,[ 0.04566369 -0.07783175 -0.03301913],[-0.05656637  0.1523054   0.9867134 ],False,0.0,False,0.0,False,0.0,False
35241409496,"[[ 0.03625733 -0.9798487   0.19642273  0.        ]
 [-0.9990427  -0.03072548  0.03113749  0.        ]
 [-0.02447484 -0.19736364 -0.9800246   0.        ]
 [ 0.03117276  0.0845312  -0.12319072  1.        ]]",True,False,[ 0.04605845 -0.01625425 -0.03192922],[-0.07388246 -0.06494853  0.99514973],True,[ 0.04610477 -0.01631634 -0.03182571],[-0.06626753 -0.05802834  0.99611306],False,[ 0.04566369 -0.07783175 -0.03301913],[-0.05656637  0.1523054   0.9867134 ],False,0.0,False,0.0,False,0.0,False
35241520609,"[[ 0.03759551 -0.98053867  0.19269224  0.        ]
 [-0.99902743 -0.03243542  0.0298631   0.        ]
 [-0.02303183 -0.19362757 -0.98080444  0.        ]
 [ 0.03097324  0.08497865 -0.12260353  1.        ]]",True,False,[ 0.04605845 -0.01625425 -0.03192922],[-0.07388246 -0.06494853  0.99514973],True,[ 0.04609791 -0.0161131  -0.03207369],[-0.05561411 -0.06943367  0.99603516],True,[ 0.04581748 -0.07923281 -0.0328657 ],[-0.05454258 -0.03369496  0.9979428 ],False,0.0,False,0.0,False,0.0,False
35241631721,"[[ 0.03882557 -0.98117936  0.1891544   0.        ]
 [-0.9990114  -0.03401423  0.02861589  0.        ]
 [-0.02164336 -0.19007847 -0.98152995  0.        ]
 [ 0.03077608  0.08542658 -0.12201691  1.        ]]",True,True,[ 0.04602601 -0.03003471 -0.03217283],[-0.06634482 -0.06170837  0.9958868 ],True,[ 0.04610619 -0.01606393 -0.03211006],[-0.05278007 -0.07132746  0.9960556 ],True,[ 0.04585003 -0.07918657 -0.03280699],[-0.05174768 -0.03571557  0.99802136],False,0.0,False,0.0,False,0.0,False
35241742835,"[[ 0.03998148 -0.98177487  0.18579543  0.        ]
 [-0.99899393 -0.03549469  0.02741703  0.        ]
 [-0.02032264 -0.18670464 -0.98220634  0.        ]
 [ 0.03055671  0.08583764 -0.12144967  1.        ]]",True,False,[ 0.04602601 -0.03003471 -0.03217283],[-0.06634482 -0.06170837  0.9958868 ],True,[ 0.04612365 -0.0160568  -0.03210791],[-0.05050729 -0.06877097  0.9963531 ],True,[ 0.04585848 -0.07919193 -0.0328144 ],[-0.04940815 -0.03515195  0.99815995],False,0.0,False,0.0,False,0.0,False
35241853948,"[[ 0.04103553 -0.9823535   0.18247586  0.        ]
 [-0.9989758  -0.03685439  0.02624674  0.        ]
 [-0.01905854 -0.18336605 -0.98285985  0.        ]
 [ 0.03032581  0.08625184 -0.12088656  1.        ]]",True,True,[ 0.04601877 -0.03475797 -0.03225361],[-0.05983083 -0.05789276  0.99652827],True,[ 0.04612352 -0.01603685 -0.03209998],[-0.04890168 -0.06668146  0.99657524],True,[ 0.04585632 -0.07916149 -0.03280633],[-0.04781797 -0.03174499  0.9983516 ],False,0.0,False,0.0,False,0.0,False
35241965059,"[[ 0.04191476 -0.9829426   0.17907265  0.        ]
 [-0.9989624  -0.03803408  0.02505067  0.        ]
 [-0.0178125  -0.17993683 -0.9835168   0.        ]
 [ 0.03009649  0.086708   -0.12033598  1.        ]]",True,False,[ 0.04601877 -0.03475797 -0.03225361],[-0.05983083 -0.05789276  0.99652827],True,[ 0.0459074  -0.01565893 -0.03233856],[-0.08200546 -0.03026198  0.99617237],True,[ 0.04562445 -0.07887159 -0.03277742],[-0.08070134 -0.0052604   0.9967244 ],False,0.0,False,0.0,False,0.0,False
35242076173,"[[ 0.04268539 -0.98355687  0.17548133  0.        ]
 [-0.9989495  -0.03908658  0.02391489  0.        ]
 [-0.01666269 -0.17631783 -0.98419213  0.        ]
 [ 0.02983954  0.08717223 -0.11977255  1.        ]]",True,True,[ 0.0455911  -0.04811933 -0.03264304],[-0.09602603  0.03891909  0.99461764],True,[ 0.04575251 -0.01537908 -0.03240056],[-0.09701242  0.02278195  0.9950224 ],True,[ 0.04544108 -0.07854726 -0.03286839],[-0.09508675  0.05390741  0.9940083 ],False,0.0,False,0.0,False,0.0,False
35242187284,"[[ 0.04343367 -0.9842045   0.1716253   0.        ]
 [-0.9989348  -0.04010248  0.02283192  0.        ]
 [-0.0155887  -0.17243415 -0.98489785  0.        ]
 [ 0.02956909  0.08766516 -0.11919697  1.        ]]",True,False,[ 0.0455911  -0.04811933 -0.03264304],[-0.09602603  0.03891909  0.99461764],True,[ 0.04564212 -0.01520162 -0.03247871],[-0.10870372  0.03919107  0.99330145],True,[ 0.04532676 -0.07833617 -0.03286721],[-0.1062894  0.0752026  0.9914873],False,0.0,False,0.0,False,0.0,False
35242298398,"[[ 0.04411387 -0.9848741   0.16756126  0.        ]
 [-0.99891996 -0.04103553  0.02178986  0.        ]
 [-0.0145843  -0.16834153 -0.9856206   0.        ]
 [ 0.02930104  0.08820006 -0.11861251  1.        ]]",True,True,[ 0.04555837 -0.04729439 -0.03264406],[-0.09904553  0.0451911   0.99405617],True,[ 0.04568523 -0.01519749 -0.03245776],[-0.10567916  0.03783712  0.9936802 ],True,[ 0.04536313 -0.07831502 -0.03283584],[-0.10354346  0.07615674  0.991705  ],False,0.0,False,0.0,False,0.0,False
35242409510,"[[ 0.04474783 -0.9855378   0.16344044  0.        ]
 [-0.99890465 -0.04190111  0.02082524  0.        ]
 [-0.01367573 -0.1641933  -0.9863334   0.        ]
 [ 0.02900082  0.08872378 -0.11800566  1.        ]]",True,True,[ 0.04557028 -0.04732749 -0.03261992],[-0.10134856  0.06238894  0.9928928 ],True,[ 0.04573309 -0.01518936 -0.03241068],[-0.10241048  0.04367524  0.99378294],True,[ 0.04541326 -0.07831917 -0.0328217 ],[-0.10029069  0.0804143   0.9917033 ],False,0.0,False,0.0,False,0.0,False
35242520623,"[[ 0.04534066 -0.9861904   0.15928936  0.        ]
 [-0.9988889  -0.04270315  0.01994602  0.        ]
 [-0.01286843 -0.16001672 -0.98703074  0.        ]
 [ 0.0286844   0.0892566  -0.11738258  1.        ]]",True,True,[ 0.0455878  -0.04728732 -0.03260753],[-0.10014266  0.06318481  0.99296486],True,[ 0.04577327 -0.01520144 -0.03236519],[-0.09877561  0.04559194  0.9940648 ],True,[ 0.04544247 -0.07832287 -0.03281818],[-0.0970218   0.08313325  0.99180424],False,0.0,False,0.0,False,0.0,False
35242742849,"[[ 0.04632747 -0.9875282   0.15047288  0.        ]
 [-0.9988599  -0.04405665  0.01839294  0.        ]
 [-0.01153424 -0.15115342 -0.98844326  0.        ]
 [ 0.02800972  0.09043872 -0.11608381  1.        ]]",True,True,[ 0.04562677 -0.04536195 -0.0325806 ],[-0.09424446  0.06384446  0.9934998 ],True,[ 0.04583183 -0.0151552  -0.03236429],[-0.08843626  0.05044037  0.99480385],True,[ 0.04549922 -0.07831879 -0.03277421],[-0.08677527  0.08223502  0.9928281 ],False,0.0,False,0.0,False,0.0,False
35242853961,"[[ 0.0468142  -0.988222    0.14569065  0.        ]
 [-0.9988419  -0.04468942  0.01782513  0.        ]
 [-0.01110437 -0.1463564  -0.9891696   0.        ]
 [ 0.02763757  0.09105907 -0.11540911  1.        ]]",True,True,[ 0.04564099 -0.04627837 -0.03257493],[-0.08917276  0.06590924  0.9938332 ],True,[ 0.04588028 -0.01515014 -0.03233662],[-0.08141733  0.0507556   0.9953869 ],True,[ 0.04554928 -0.07829675 -0.03272805],[-0.07952471  0.08496101  0.9932056 ],False,0.0,False,0.0,False,0.0,False
35242965075,"[[ 0.04729229 -0.98891765  0.14073119  0.        ]
 [-0.9988226  -0.04529405  0.01737022  0.        ]
 [-0.01080344 -0.14138697 -0.98989546  0.        ]
 [ 0.02725658  0.09171535 -0.11472605  1.        ]]",True,False,[ 0.04564099 -0.04627837 -0.03257493],[-0.08917276  0.06590924  0.9938332 ],True,[ 0.04592004 -0.0151517  -0.03232433],[-0.07628024  0.05060712  0.9958013 ],True,[ 0.04558145 -0.07830042 -0.03271941],[-0.07417552  0.08435072  0.9936714 ],False,0.0,False,0.0,False,0.0,False
35243076187,"[[ 0.04776937 -0.98959726  0.13570334  0.        ]
 [-0.99880224 -0.04588366  0.01699157  0.        ]
 [-0.01058824 -0.13635248 -0.9906038   0.        ]
 [ 0.02685327  0.09236126 -0.1140186   1.        ]]",True,True,[ 0.04566186 -0.04742036 -0.03256972],[-0.08293973  0.0685962   0.99419093],True,[ 0.04597744 -0.01515799 -0.03229006],[-0.07369567  0.05251925  0.99589694],True,[ 0.04562614 -0.07830015 -0.0327117 ],[-0.07158007  0.08700407  0.99363303],False,0.0,False,0.0,False,0.0,False
35243187299,"[[ 0.04828537 -0.9902461   0.13069478  0.        ]
 [-0.99877864 -0.04649544  0.01671444  0.        ]
 [-0.01047469 -0.13134222 -0.99128175  0.        ]
 [ 0.02643748  0.09299721 -0.11329825  1.        ]]",True,False,[ 0.04566186 -0.04742036 -0.03256972],[-0.08293973  0.0685962   0.99419093],True,[ 0.04602083 -0.01516714 -0.03227623],[-0.06745019  0.05263106  0.99633354],True,[ 0.04566517 -0.07834145 -0.03274492],[-0.06540725  0.0831669   0.99438685],False,0.0,False,0.0,False,0.0,False
35243298413,"[[ 0.04882115 -0.990856    0.12577958  0.        ]
 [-0.99875265 -0.04711235  0.01652384  0.        ]
 [-0.01044696 -0.12642944 -0.99192023  0.        ]
 [ 0.02601607  0.09363771 -0.11257638  1.        ]]",True,True,[ 0.04569963 -0.04656358 -0.03255492],[-0.07360581  0.06844655  0.9949358 ],True,[ 0.04607632 -0.01514852 -0.03227558],[-0.05864748  0.055778    0.9967193 ],True,[ 0.04571539 -0.07833659 -0.03273389],[-0.05674228  0.08421966  0.9948304 ],False,0.0,False,0.0,False,0.0,False
35243409525,"[[ 0.04941648 -0.99142957  0.12093563  0.        ]
 [-0.99872315 -0.04777837  0.01641019  0.        ]
 [-0.01049145 -0.12159215 -0.99252474  0.        ]
 [ 0.02558647  0.09425034 -0.11184497  1.        ]]",True,False,[ 0.04569963 -0.04656358 -0.03255492],[-0.07360581  0.06844655  0.9949358 ],True,[ 0.04610057 -0.01514403 -0.03226654],[-0.05521022  0.05646771  0.9968768 ],True,[ 0.04574607 -0.07834258 -0.03272906],[-0.05313584  0.08353192  0.99508744],False,0.0,False,0.0,False,0.0,False
35243520637,"[[ 0.0500344  -0.991983    0.11604386  0.        ]
 [-0.99869126 -0.04845989  0.01635055  0.        ]
 [-0.01059598 -0.11671008 -0.99310946  0.        ]
 [ 0.02515407  0.0948696  -0.11111224  1.        ]]",True,True,[ 0.04573105 -0.04679872 -0.03254569],[-0.06433205  0.06903448  0.99553794],True,[ 0.04613762 -0.0151502  -0.03224566],[-0.05039235  0.05378619  0.9972801 ],True,[ 0.04578356 -0.07832664 -0.03269235],[-0.04866915  0.08380184  0.99529326],False,0.0,False,0.0,False,0.0,False
35243631750,"[[ 0.05062675 -0.99253047  0.11099746  0.        ]
 [-0.99865985 -0.04911339  0.01633078  0.        ]
 [-0.01075735 -0.11167547 -0.9936868   0.        ]
 [ 0.02473143  0.09551409 -0.11038172  1.        ]]",True,False,[ 0.04573105 -0.04679872 -0.03254569],[-0.06433205  0.06903448  0.99553794],True,[ 0.04618768 -0.01513796 -0.03224329],[-0.04778183  0.05587166  0.99729407],True,[ 0.04580827 -0.07833643 -0.03268427],[-0.04575178  0.08291434  0.9955059 ],False,0.0,False,0.0,False,0.0,False
35243742863,"[[ 0.05125898 -0.99306345  0.10581814  0.        ]
 [-0.99862444 -0.0497967   0.01641805  0.        ]
 [-0.01103479 -0.10651416 -0.99425006  0.        ]
 [ 0.02429716  0.09615014 -0.10965077  1.        ]]",True,True,[ 0.04576071 -0.04756067 -0.03254073],[-0.05507667  0.07067227  0.99597794],True,[ 0.04622589 -0.01513788 -0.0322335 ],[-0.04249695  0.05709369  0.9974639 ],True,[ 0.04585187 -0.07834197 -0.03267255],[-0.04005754  0.08346821  0.995705  ],False,0.0,False,0.0,False,0.0,False
35243853976,"[[ 0.0519318  -0.9935719   0.10059018  0.        ]
 [-0.99858546 -0.05051208  0.01661599  0.        ]
 [-0.01142819 -0.10131077 -0.9947896   0.        ]
 [ 0.02386483  0.09677586 -0.10892066  1.        ]]",True,True,[ 0.04604531 -0.05299392 -0.03251369],[-0.03358082  0.07241231  0.99680936],True,[ 0.0462758  -0.01515567 -0.0322135 ],[-0.0346667  0.0583603  0.9976935],True,[ 0.04589067 -0.07838084 -0.0327151 ],[-0.03284848  0.08183223  0.99610466],False,0.0,False,0.0,False,0.0,False
35243965087,"[[ 0.05261737 -0.994046    0.09541409  0.        ]
 [-0.998544   -0.05123615  0.01686738  0.        ]
 [-0.01187829 -0.09616268 -0.9952946   0.        ]
 [ 0.02343328  0.09740394 -0.10818332  1.        ]]",True,True,[ 0.04608491 -0.04990665 -0.03250306],[-0.03129162  0.0727514   0.9968592 ],True,[ 0.04631366 -0.01513809 -0.03222578],[-0.02777888  0.06533307  0.9974768 ],True,[ 0.04593583 -0.07841671 -0.03275842],[-0.02630088  0.08140111  0.9963343 ],False,0.0,False,0.0,False,0.0,False
35244076201,"[[ 0.05331504 -0.99448174  0.09035139  0.        ]
 [-0.99850136 -0.05197346  0.01713683  0.        ]
 [-0.01234639 -0.09112964 -0.99576235  0.        ]
 [ 0.02302161  0.09799024 -0.10746957  1.        ]]",True,False,[ 0.04608491 -0.04990665 -0.03250306],[-0.03129162  0.0727514   0.9968592 ],True,[ 0.04635513 -0.01513843 -0.03222647],[-0.02154319  0.05970198  0.99798375],True,[ 0.04599029 -0.07839081 -0.03270048],[-0.01973362  0.08002151  0.9965977 ],False,0.0,False,0.0,False,0.0,False
35244187313,"[[ 0.05401546 -0.9948804   0.08541334  0.        ]
 [-0.99845797 -0.05271614  0.01739698  0.        ]
 [-0.01280525 -0.08622134 -0.99619365  0.        ]
 [ 0.02262686  0.09855567 -0.10677075  1.        ]]",True,True,[ 0.04614021 -0.04675447 -0.03247193],[-0.02639765  0.07099807  0.9971271 ],True,[ 0.04639065 -0.01510596 -0.03225181],[-0.01833106  0.05996804  0.9980319 ],True,[ 0.04604158 -0.07836702 -0.03264583],[-0.01630374  0.07927403  0.99671954],False,0.0,False,0.0,False,0.0,False
35244298426,"[[ 0.05473876 -0.99524087  0.08061867  0.        ]
 [-0.9984128  -0.05348349  0.01765226  0.        ]
 [-0.01325649 -0.08145697 -0.99658895  0.        ]
 [ 0.0222564   0.09911445 -0.10608809  1.        ]]",True,True,[ 0.04617948 -0.04461065 -0.03245035],[-0.02165879  0.06925007  0.99736416],True,[ 0.04642565 -0.01510934 -0.03224706],[-0.01427256  0.05860443  0.9981792 ],True,[ 0.04607374 -0.07835892 -0.03262695],[-0.01218883  0.0792355   0.99678147],False,0.0,False,0.0,False,0.0,False
35244520652,"[[ 0.0564329  -0.9958387   0.07155842  0.        ]
 [-0.9983062  -0.0552665   0.01817763  0.        ]
 [-0.01414721 -0.07246303 -0.9972708   0.        ]
 [ 0.02157167  0.10009964 -0.10477351  1.        ]]",True,True,[ 0.04607089 -0.03812775 -0.03249093],[-0.04670776  0.07969159  0.9957247 ],True,[ 0.0462139  -0.01499102 -0.03234814],[-0.04734882  0.07559748  0.9960136 ],True,[ 0.04582249 -0.07831486 -0.03273894],[-0.04559236  0.08679973  0.995182  ],False,0.0,False,0.0,False,0.0,False
35244631766,"[[ 0.05739528 -0.9960791   0.06732374  0.        ]
 [-0.99824524 -0.05627429  0.01843649  0.        ]
 [-0.01457562 -0.06826377 -0.9975611   0.        ]
 [ 0.02126426  0.10054639 -0.1041468   1.        ]]",True,False,[ 0.04607089 -0.03812775 -0.03249093],[-0.04670776  0.07969159  0.9957247 ],True,[ 0.04598267 -0.01492915 -0.03244346],[-0.07463631  0.07774899  0.9941753 ],True,[ 0.04561297 -0.07818115 -0.03273865],[-0.07275772  0.09863094  0.9924607 ],False,0.0,False,0.0,False,0.0,False
35244742876,"[[ 0.05840695 -0.9962885   0.06322835  0.        ]
 [-0.9981796  -0.05732906  0.01873102  0.        ]
 [-0.01503667 -0.06420727 -0.99782324  0.        ]
 [ 0.02097682  0.10097684 -0.10354167  1.        ]]",True,False,[ 0.04607089 -0.03812775 -0.03249093],[-0.04670776  0.07969159  0.9957247 ],True,[ 0.04588389 -0.01488858 -0.03248826],[-0.08436691  0.07822207  0.99335974],True,[ 0.04553615 -0.07812891 -0.03271925],[-0.08264403  0.10073249  0.9914751 ],False,0.0,False,0.0,False,0.0,False
35244853990,"[[ 0.05942386 -0.9964757   0.05920172  0.        ]
 [-0.99811125 -0.05838656  0.01909708  0.        ]
 [-0.01557318 -0.06022473 -0.9980631   0.        ]
 [ 0.02070679  0.1013974  -0.10295992  1.        ]]",True,True,[ 0.04591081 -0.04299531 -0.03252762],[-0.05682968  0.08337052  0.99489677],True,[ 0.04593437 -0.01488602 -0.03245036],[-0.07640821  0.07856371  0.9939766 ],True,[ 0.04558216 -0.07812784 -0.03266889],[-0.07486828  0.10082474  0.9920832 ],False,0.0,False,0.0,False,0.0,False
35244965103,"[[ 0.0603888  -0.9966485   0.05518398  0.        ]
 [-0.99804324 -0.05939031  0.01956471  0.        ]
 [-0.01622175 -0.05625748 -0.9982848   0.        ]
 [ 0.02046277  0.10181345 -0.10239203  1.        ]]",True,True,[ 0.0458076  -0.04510479 -0.03251341],[-0.07441457  0.08876746  0.9932688 ],True,[ 0.04597311 -0.0148981  -0.03240696],[-0.07503284  0.07766815  0.9941517 ],True,[ 0.04562664 -0.07813197 -0.03262981],[-0.07372799  0.1008906   0.9921619 ],False,0.0,False,0.0,False,0.0,False
35245076215,"[[ 0.06126529 -0.9968069   0.05121106  0.        ]
 [-0.9979777  -0.06030476  0.02010072  0.        ]
 [-0.01694827 -0.05233897 -0.9984857   0.        ]
 [ 0.02025167  0.10222359 -0.10183875  1.        ]]",True,True,[ 0.04581843 -0.04515657 -0.03251437],[-0.07289435  0.08829178  0.9934239 ],True,[ 0.04600013 -0.01489949 -0.03239285],[-0.07073086  0.07778434  0.994458  ],True,[ 0.04564349 -0.07815781 -0.03264851],[-0.06934551  0.0978608   0.99278116],False,0.0,False,0.0,False,0.0,False
35245187328,"[[ 0.06199741 -0.9969529   0.04734063  0.        ]
 [-0.997918   -0.06107318  0.02072451  0.        ]
 [-0.01777011 -0.04852694 -0.99866366  0.        ]
 [ 0.02007543  0.10263087 -0.10130433  1.        ]]",True,True,[ 0.04583059 -0.04600672 -0.03251121],[-0.06952461  0.08822584  0.9936712 ],True,[ 0.04603825 -0.01490319 -0.03237565],[-0.06420694  0.07727484  0.9949403 ],True,[ 0.0456847  -0.07815479 -0.03262481],[-0.06265508  0.09822468  0.99318993],False,0.0,False,0.0,False,0.0,False
35245298440,"[[ 0.06255609 -0.997089    0.04359024  0.        ]
 [-0.997867   -0.06166887  0.0214099   0.        ]
 [-0.01865942 -0.04483658 -0.99882007  0.        ]
 [ 0.0199305   0.10303327 -0.10078817  1.        ]]",True,False,[ 0.04583059 -0.04600672 -0.03251121],[-0.06952461  0.08822584  0.9936712 ],True,[ 0.04608079 -0.01493576 -0.03233309],[-0.06078212  0.07263246  0.995505  ],True,[ 0.04571744 -0.07816465 -0.03261402],[-0.05912434  0.09682611  0.9935437 ],False,0.0,False,0.0,False,0.0,False
35245410424,"[[ 0.06288701 -0.99721956  0.03997592  0.        ]
 [-0.99782825 -0.06203794  0.02213154  0.        ]
 [-0.01958998 -0.0412809  -0.99895525  0.        ]
 [ 0.01981674  0.10343643 -0.10028878  1.        ]]",True,True,[ 0.04584914 -0.04683178 -0.03250553],[-0.0653016   0.08766737  0.9940071 ],True,[ 0.04609536 -0.01492619 -0.03232824],[-0.05885395  0.0758049   0.99538434],True,[ 0.04574474 -0.07818584 -0.03262312],[-0.0570992   0.09579717  0.99376184],False,0.0,False,0.0,False,0.0,False
35245564642,"[[ 0.06295693 -0.997391    0.03532303  0.        ]
 [-0.9977994  -0.06216598  0.02306141  0.        ]
 [-0.02080535 -0.03669718 -0.99910986  0.        ]
 [ 0.01972719  0.10399845 -0.09963675  1.        ]]",True,False,[ 0.04584914 -0.04683178 -0.03250553],[-0.0653016   0.08766737  0.9940071 ],True,[ 0.04613842 -0.01493735 -0.0323028 ],[-0.05307341  0.07538565  0.99574107],True,[ 0.045786   -0.07820264 -0.03262517],[-0.05102004  0.09489322  0.9941792 ],False,0.0,False,0.0,False,0.0,False
35245671595,"[[ 0.06273043 -0.9975081   0.03229107  0.        ]
 [-0.99779826 -0.06198502  0.02359523  0.        ]
 [-0.02153487 -0.03370011 -0.9992001   0.        ]
 [ 0.01970936  0.10437855 -0.09921777  1.        ]]",True,True,[ 0.04587604 -0.04676765 -0.03249842],[-0.05951855  0.08742073  0.9943918 ],True,[ 0.04616289 -0.01493638 -0.0323081 ],[-0.05050741  0.07845108  0.9956377 ],True,[ 0.04580362 -0.07821679 -0.03263252],[-0.04866716  0.09568568  0.9942212 ],False,0.0,False,0.0,False,0.0,False
35245782224,"[[ 0.06241703 -0.9976195   0.02931274  0.        ]
 [-0.9978039  -0.06172228  0.02403321  0.        ]
 [-0.02216675 -0.03074845 -0.99928117  0.        ]
 [ 0.01973326  0.10475581 -0.09881005  1.        ]]",True,True,[ 0.04589814 -0.04682789 -0.032493  ],[-0.05392478  0.08769321  0.9946869 ],True,[ 0.04619958 -0.01495905 -0.03228519],[-0.0458655   0.07996146  0.9957422 ],True,[ 0.04582395 -0.07824398 -0.03264071],[-0.04385788  0.09637931  0.994378  ],False,0.0,False,0.0,False,0.0,False
35245893338,"[[ 0.06211841 -0.997717    0.02649287  0.        ]
 [-0.9978111  -0.0614773   0.0243616   0.        ]
 [-0.02267727 -0.02794818 -0.999352    0.        ]
 [ 0.01979852  0.10511465 -0.09840556  1.        ]]",True,False,[ 0.04589814 -0.04682789 -0.032493  ],[-0.05392478  0.08769321  0.9946869 ],True,[ 0.04622543 -0.01495919 -0.03227818],[-0.04158048  0.08221779  0.9957466 ],True,[ 0.04584049 -0.07825813 -0.03264604],[-0.03990383  0.09629492  0.9945527 ],False,0.0,False,0.0,False,0.0,False
35246004449,"[[ 0.06185949 -0.99780095  0.02381135  0.        ]
 [-0.9978187  -0.06127453  0.02456701  0.        ]
 [-0.02305395 -0.02527911 -0.9994148   0.        ]
 [ 0.01990546  0.10544036 -0.09804269  1.        ]]",True,True,[ 0.04591817 -0.04726656 -0.03249007],[-0.04718259  0.08871421  0.9949389 ],True,[ 0.0462517  -0.01496294 -0.03226883],[-0.03731021  0.08257329  0.9958863 ],True,[ 0.04586523 -0.0782567  -0.03263787],[-0.03570416  0.09727103  0.99461734],False,0.0,False,0.0,False,0.0,False
35246115564,"[[ 0.0617466  -0.99786514  0.0212712   0.        ]
 [-0.99781877 -0.06121707  0.02469809  0.        ]
 [-0.0233432  -0.02274983 -0.99946856  0.        ]
 [ 0.02004881  0.10573166 -0.0977003   1.        ]]",True,False,[ 0.04591817 -0.04726656 -0.03249007],[-0.04718259  0.08871421  0.9949389 ],True,[ 0.04627986 -0.0149513  -0.03227428],[-0.03759394  0.08084368  0.9960176 ],True,[ 0.04588647 -0.07824853 -0.03260468],[-0.03577845  0.09573552  0.9947637 ],False,0.0,False,0.0,False,0.0,False
35246226676,"[[ 0.06188381 -0.99790424  0.01891162  0.        ]
 [-0.99780434 -0.06140745  0.02481563  0.        ]
 [-0.02360231 -0.02040578 -0.9995134   0.        ]
 [ 0.02022616  0.10600792 -0.09737001  1.        ]]",True,True,[ 0.04594033 -0.04721387 -0.0324846 ],[-0.04166531  0.08903201  0.9951569 ],True,[ 0.04629787 -0.01494761 -0.03227222],[-0.03462461  0.08345571  0.9959098 ],True,[ 0.045896   -0.0782617  -0.03261768],[-0.03283308  0.09566031  0.9948724 ],False,0.0,False,0.0,False,0.0,False
35246337789,"[[ 0.06222832 -0.99792296  0.01666003  0.        ]
 [-0.9977767  -0.06180298  0.02494707  0.        ]
 [-0.02386561 -0.0181754  -0.9995501   0.        ]
 [ 0.02043385  0.10623345 -0.09706108  1.        ]]",True,False,[ 0.04594033 -0.04721387 -0.0324846 ],[-0.04166531  0.08903201  0.9951569 ],True,[ 0.0463211  -0.0149602  -0.03225998],[-0.03105615  0.07979754  0.9963272 ],True,[ 0.04591522 -0.07825202 -0.03259774],[-0.02919847  0.09531882  0.99501854],False,0.0,False,0.0,False,0.0,False
35246448901,"[[ 0.06267518 -0.9979298   0.0144248   0.        ]
 [-0.997741   -0.06230009  0.02513394  0.        ]
 [-0.02418324 -0.01596748 -0.99958014  0.        ]
 [ 0.02067374  0.10645128 -0.09676202  1.        ]]",True,True,[ 0.04596187 -0.04701391 -0.03247821],[-0.03592681  0.08850574  0.99542755],True,[ 0.04632637 -0.01493703 -0.03227343],[-0.02893221  0.08182641  0.9962265 ],True,[ 0.04592718 -0.07825937 -0.03259265],[-0.0269344   0.09357942  0.9952474 ],False,0.0,False,0.0,False,0.0,False
35246560014,"[[ 0.06313014 -0.99793124  0.01217308  0.        ]
 [-0.99770236 -0.06280601  0.02541056  0.        ]
 [-0.02459344 -0.01374929 -0.9996033   0.        ]
 [ 0.02096017  0.1066837  -0.09645284  1.        ]]",True,False,[ 0.04596187 -0.04701391 -0.03247821],[-0.03592681  0.08850574  0.99542755],True,[ 0.0463405  -0.01493221 -0.03227162],[-0.02656665  0.08477987  0.9960455 ],True,[ 0.04594026 -0.07826728 -0.03260207],[-0.02472087  0.09427864  0.9952389 ],False,0.0,False,0.0,False,0.0,False
35246671127,"[[ 0.06362903 -0.9979252   0.00984338  0.        ]
 [-0.99765843 -0.06335819  0.02576081  0.        ]
 [-0.0250837  -0.01145947 -0.99961996  0.        ]
 [ 0.02225682  0.10596082 -0.09725014  1.        ]]",True,True,[ 0.04598489 -0.04643542 -0.03247059],[-0.03124115  0.08814687  0.9956175 ],True,[ 0.04635797 -0.01493479 -0.03226855],[-0.02659429  0.08297285  0.996197  ],True,[ 0.04595825 -0.07826331 -0.03259004],[-0.02429436  0.09385169  0.99528974],False,0.0,False,0.0,False,0.0,False
35246782239,"[[ 0.06393021 -0.99792475  0.00769421  0.        ]
 [-0.9976253  -0.06370938  0.02617081  0.        ]
 [-0.0256263  -0.00934905 -0.99962807  0.        ]
 [ 0.02260865  0.10617835 -0.09697422  1.        ]]",True,False,[ 0.04598489 -0.04643542 -0.03247059],[-0.03124115  0.08814687  0.9956175 ],True,[ 0.0463818  -0.01493783 -0.03226724],[-0.02073481  0.08589196  0.9960886 ],True,[ 0.04597474 -0.07829743 -0.03261704],[-0.01900942  0.09192273  0.99558467],False,0.0,False,0.0,False,0.0,False
35246893352,"[[ 0.06414169 -0.9979249   0.00564041  0.        ]
 [-0.9975965  -0.06397021  0.02662913  0.        ]
 [-0.02621305 -0.00733489 -0.9996296   0.        ]
 [ 0.02300339  0.10641021 -0.09670308  1.        ]]",True,False,[ 0.04598489 -0.04643542 -0.03247059],[-0.03124115  0.08814687  0.9956175 ],True,[ 0.04620418 -0.01505921 -0.03229224],[-0.04684418  0.06287202  0.9969217 ],True,[ 0.04580748 -0.07841878 -0.03262542],[-0.04527539  0.06913699  0.9965793 ],False,0.0,False,0.0,False,0.0,False
35247004464,"[[ 0.06428534 -0.99792486  0.00368195  0.        ]
 [-0.99757046 -0.06416261  0.02713828  0.        ]
 [-0.02684572 -0.0054176  -0.9996251   0.        ]
 [ 0.02343555  0.10663587 -0.0964407   1.        ]]",True,False,[ 0.04598489 -0.04643542 -0.03247059],[-0.03124115  0.08814687  0.9956175 ],True,[ 0.04593083 -0.01535396 -0.03236444],[-0.08427263  0.01467004  0.9963347 ],True,[ 0.0455379  -0.07863518 -0.03269843],[-0.08317576  0.03131451  0.9960428 ],False,0.0,False,0.0,False,0.0,False
35247226690,"[[ 6.4398885e-02 -9.9792415e-01 -1.8617138e-05  0.0000000e+00]
 [-9.9752158e-01 -6.4373255e-02  2.8399080e-02  0.0000000e+00]
 [-2.8341329e-02 -1.8102955e-03 -9.9959648e-01  0.0000000e+00]
 [ 2.4338208e-02  1.0708580e-01 -9.5758595e-02  1.0000000e+00]]",True,True,[ 0.04561703 -0.05117444 -0.03257737],[-0.0921957  -0.00760476  0.99571186],True,[ 0.04580711 -0.01551447 -0.03241729],[-0.09598539 -0.01679436  0.99524105],True,[ 0.04546923 -0.07879793 -0.03269899],[-0.09445779 -0.00105727  0.9955284 ],False,0.0,False,0.0,False,0.0,False
35247337804,"[[ 6.43995404e-02 -9.97922719e-01 -1.72404200e-03  0.00000000e+00]
 [-9.97497976e-01 -6.44224882e-02  2.91149728e-02  0.00000000e+00]
 [-2.91655585e-02 -1.55264512e-04 -9.99574661e-01  0.00000000e+00]
 [ 2.48698443e-02  1.07286565e-01 -9.55112725e-02  1.00000000e+00]]",True,True,[ 0.04563461 -0.04987777 -0.03255869],[-0.09331015 -0.00770617  0.9956073 ],True,[ 0.0458553  -0.0155622  -0.03232409],[-0.09599162 -0.01624456  0.9952496 ],True,[ 0.04548523 -0.07883855 -0.03271759],[-9.4468683e-02  4.7378297e-04  9.9552768e-01],False,0.0,False,0.0,False,0.0,False
35247448915,"[[ 0.06436884 -0.9979205  -0.00336173  0.        ]
 [-0.9974724  -0.06444073  0.02993498  0.        ]
 [-0.03008937  0.00142636 -0.9995462   0.        ]
 [ 0.02543058  0.10748943 -0.09526839  1.        ]]",True,True,[ 0.04564393 -0.04988275 -0.03254874],[-0.09323192 -0.00671007  0.99562186],True,[ 0.04588438 -0.01562175 -0.03223781],[-0.09370152 -0.01476723  0.9954908 ],True,[ 0.04549221 -0.07888523 -0.0327566 ],[-0.09210828  0.00359044  0.99574244],False,0.0,False,0.0,False,0.0,False
35247560028,"[[ 0.06427151 -0.9979199  -0.00498528  0.        ]
 [-0.9974464  -0.06439507  0.03088117  0.        ]
 [-0.03113797  0.00298777 -0.9995104   0.        ]
 [ 0.02596582  0.10772723 -0.09488352  1.        ]]",True,True,[ 0.04565375 -0.04934938 -0.03253809],[-0.09302898 -0.00595015  0.99564564],True,[ 0.04588508 -0.01561076 -0.03224534],[-0.09340401 -0.01253847  0.9955493 ],True,[ 0.04550052 -0.07889353 -0.03274621],[-0.09144238  0.00336827  0.9958047 ],False,0.0,False,0.0,False,0.0,False
35247671140,"[[ 0.06400281 -0.99792814 -0.00656835  0.        ]
 [-0.99742866 -0.06418061  0.03188898  0.        ]
 [-0.03224447  0.00451047 -0.99946976  0.        ]
 [ 0.02657767  0.10795717 -0.09464702  1.        ]]",True,True,[ 0.04565966 -0.04948265 -0.03253231],[-0.09199113 -0.0044884   0.99574965],True,[ 0.04589484 -0.01561766 -0.03222783],[-0.09095049 -0.01116982  0.9957928 ],True,[ 0.04551803 -0.07889099 -0.03273277],[-0.08896161  0.00582116  0.9960181 ],False,0.0,False,0.0,False,0.0,False
35247782253,"[[ 0.06357527 -0.9979443  -0.00809466  0.        ]
 [-0.99741775 -0.06380928  0.03295983  0.        ]
 [-0.03340858  0.00597833 -0.9994241   0.        ]
 [ 0.02721388  0.10819483 -0.09441897  1.        ]]",True,True,[ 0.04567046 -0.04902558 -0.03252077],[-0.09019361 -0.00436367  0.9959147 ],True,[ 0.04591954 -0.0156314  -0.03220806],[-0.08749049 -0.01277475  0.99608344],True,[ 0.04553915 -0.07890169 -0.03271069],[-0.0859884  0.0045436  0.9962858],False,0.0,False,0.0,False,0.0,False
35248004479,"[[ 0.06245571 -0.9979906  -0.01070098  0.        ]
 [-0.99740195 -0.0627979   0.03530383  0.        ]
 [-0.03590488  0.00846824 -0.9993198   0.        ]
 [ 0.02848012  0.10868311 -0.09386148  1.        ]]",True,True,[ 0.04569411 -0.04759339 -0.03249336],[-0.08638194 -0.00609445  0.99624354],True,[ 0.04594669 -0.01564733 -0.03218075],[-0.08359338 -0.01618717  0.99636847],True,[ 0.04556307 -0.0789046  -0.03267261],[-0.0824161   0.00271842  0.9965943 ],False,0.0,False,0.0,False,0.0,False
35248226704,"[[ 0.06123197 -0.9980421  -0.01277262  0.        ]
 [-0.9973781  -0.06167626  0.03786237  0.        ]
 [-0.03857599  0.01042073 -0.9992018   0.        ]
 [ 0.0298123   0.10911433 -0.09337753  1.        ]]",True,False,[ 0.04569411 -0.04759339 -0.03249336],[-0.08638194 -0.00609445  0.99624354],True,[ 0.04597244 -0.01564177 -0.03218872],[-0.07917144 -0.0216484   0.99662596],True,[ 0.04559441 -0.07890081 -0.03262851],[-0.07789774 -0.00321517  0.99695617],False,0.0,False,0.0,False,0.0,False
35248337817,"[[ 0.0607338  -0.9980615  -0.01358678  0.        ]
 [-0.9973522  -0.06122482  0.03924388  0.        ]
 [-0.03999966  0.01116738 -0.9991373   0.        ]
 [ 0.03049381  0.10927701 -0.09320899  1.        ]]",True,True,[ 0.04572299 -0.04651896 -0.0324648 ],[-0.08170842 -0.00938654  0.9966121 ],True,[ 0.0459841  -0.01561278 -0.03221514],[-0.0780019  -0.02130934  0.9967255 ],True,[ 0.04560404 -0.07888786 -0.03259499],[-0.07698264 -0.00494351  0.9970202 ],False,0.0,False,0.0,False,0.0,False
35248448930,"[[ 0.06035638 -0.9980748  -0.0142773   0.        ]
 [-0.99731463 -0.06089258  0.04069138  0.        ]
 [-0.04148242  0.01178297 -0.9990699   0.        ]
 [ 0.03116712  0.10940246 -0.0930546   1.        ]]",True,True,[ 0.04574409 -0.04590735 -0.03244648],[-0.07877149 -0.0101843   0.9968407 ],True,[ 0.04600255 -0.01559626 -0.03221693],[-0.07483242 -0.01845182  0.9970254 ],True,[ 0.04562528 -0.07887623 -0.03259879],[-0.07323068 -0.00272597  0.9973113 ],False,0.0,False,0.0,False,0.0,False
35248560042,"[[ 0.06017452 -0.99807775 -0.01482977  0.        ]
 [-0.9972589  -0.06075299  0.04223719  0.        ]
 [-0.04305695  0.01224751 -0.9989977   0.        ]
 [ 0.0317778   0.10951987 -0.09282292  1.        ]]",True,True,[ 0.04596134 -0.04586817 -0.0324291 ],[-0.04804831  0.04116909  0.99799633],True,[ 0.04614021 -0.01528085 -0.03234484],[-0.04870578  0.03003515  0.99836147],True,[ 0.04577049 -0.07850322 -0.032519  ],[-0.04734019  0.05304284  0.99746954],False,0.0,False,0.0,False,0.0,False
35248671155,"[[ 0.06019378 -0.9980694  -0.01530726  0.        ]
 [-0.9971845  -0.06081343  0.04387301  0.        ]
 [-0.04471919  0.01262327 -0.99891996  0.        ]
 [ 0.0324154   0.10957156 -0.09269556  1.        ]]",True,True,[ 0.04614872 -0.04097933 -0.03247277],[-0.02534106  0.08440307  0.9961095 ],True,[ 0.04631455 -0.0150188  -0.03238363],[-0.0260228   0.07211103  0.997057  ],True,[ 0.04591101 -0.07819092 -0.03260056],[-0.02435709  0.10199993  0.99448615],False,0.0,False,0.0,False,0.0,False
35248782268,"[[ 0.06038952 -0.998051   -0.01573563  0.        ]
 [-0.99709064 -0.06105137  0.04564447  0.        ]
 [-0.04651618  0.01293339 -0.99883413  0.        ]
 [ 0.03302695  0.10960668 -0.09257784  1.        ]]",True,True,[ 0.04618025 -0.04014168 -0.03246876],[-0.02504931  0.08371396  0.9961749 ],True,[ 0.04637128 -0.01492481 -0.03240013],[-0.02522252  0.07264183  0.9970391 ],True,[ 0.04595775 -0.07813469 -0.03256769],[-0.02336358  0.09801473  0.99491066],False,0.0,False,0.0,False,0.0,False
35249004493,"[[ 0.06109917 -0.997994   -0.01657845  0.        ]
 [-0.99684507 -0.06185508  0.04973835  0.        ]
 [-0.05066404  0.01348717 -0.9986247   0.        ]
 [ 0.0341434   0.10965898 -0.09230198  1.        ]]",True,True,[ 0.04620868 -0.03950022 -0.03245384],[-0.02231021  0.0833975   0.9962666 ],True,[ 0.04640714 -0.01496677 -0.03233713],[-0.02007774  0.07305478  0.9971258 ],True,[ 0.04597884 -0.07817104 -0.03255505],[-0.01828297  0.09932966  0.9948866 ],False,0.0,False,0.0,False,0.0,False
35249115605,"[[ 0.06145006 -0.9979675  -0.01688292  0.        ]
 [-0.9967084  -0.06225133  0.0519359   0.        ]
 [-0.05288132  0.01363588 -0.998508    0.        ]
 [ 0.03468494  0.10967451 -0.09221068  1.        ]]",True,True,[ 0.04621789 -0.03904113 -0.03244327],[-0.0217538   0.08224238  0.9963749 ],True,[ 0.0464054  -0.01498553 -0.03231468],[-0.02169006  0.07114394  0.99723023],True,[ 0.04597682 -0.07819391 -0.03256026],[-0.01970548  0.09684494  0.99510443],False,0.0,False,0.0,False,0.0,False
35249226718,"[[ 0.06174678 -0.99794555 -0.01708379  0.        ]
 [-0.9965656  -0.06258941  0.05421723  0.        ]
 [-0.05517511  0.01367738 -0.9983828   0.        ]
 [ 0.0352096   0.10970093 -0.09207894  1.        ]]",True,True,[ 0.04622564 -0.03864449 -0.03243323],[-0.02136679  0.08095446  0.9964887 ],True,[ 0.04641691 -0.0150132  -0.03227478],[-0.02166429  0.0709691   0.99724317],True,[ 0.04597134 -0.0782453  -0.03259109],[-0.01960227  0.09369099  0.9954084 ],False,0.0,False,0.0,False,0.0,False
35249337831,"[[ 0.06196809 -0.99793005 -0.01719168  0.        ]
 [-0.9964223  -0.06284785  0.05650516  0.        ]
 [-0.05746866  0.01362866 -0.9982543   0.        ]
 [ 0.03572604  0.10970499 -0.09201327  1.        ]]",True,True,[ 0.04623375 -0.03818216 -0.03242257],[-0.02102079  0.07898421  0.99665415],True,[ 0.04643054 -0.01504502 -0.03224635],[-0.02134433  0.06786742  0.99746597],True,[ 0.04597063 -0.07826678 -0.03259483],[-0.01937101  0.09193821  0.99557626],False,0.0,False,0.0,False,0.0,False
35249448944,"[[ 0.06220609 -0.99791586 -0.01714432  0.        ]
 [-0.9962715  -0.06311369  0.05881606  0.        ]
 [-0.05977554  0.01342169 -0.99812126  0.        ]
 [ 0.03623264  0.10968627 -0.0919637   1.        ]]",True,True,[ 0.04624175 -0.0377222  -0.03241287],[-0.02038399  0.07718404  0.99680847],True,[ 0.04644012 -0.01505353 -0.03223776],[-0.0200908   0.06715754  0.9975401 ],True,[ 0.0459772  -0.07828096 -0.03258635],[-0.01832489  0.09039248  0.99573755],False,0.0,False,0.0,False,0.0,False
35249560056,"[[ 0.06252748 -0.99790007 -0.01690398  0.        ]
 [-0.99610823 -0.06345141  0.06117415  0.        ]
 [-0.06211828  0.01301313 -0.99798393  0.        ]
