Timestamp,Pose,Calibration_Valid,Combined_Eye_Gaze_Valid,Combined_Eye_Gaze_Origin,Combined_Eye_Gaze_Direction,Left_Eye_Gaze_Valid,Left_Eye_Gaze_Origin,Left_Eye_Gaze_Direction,Right_Eye_Gaze_Valid,Right_Eye_Gaze_Origin,Right_Eye_Gaze_Direction,Left_Eye_Openness_Valid,Left_Eye_Openness,Right_Eye_Openness_Valid,Right_Eye_Openness,Vergence_Distance_Valid,Vergence_Distance,Target
127248188143,"[[0. 0. 0. 0.]
 [0. 0. 0. 0.]
 [0. 0. 0. 0.]
 [0. 0. 0. 0.]]",False,False,[0. 0. 0.],[0. 0. 0.],False,[0. 0. 0.],[0. 0. 0.],False,[0. 0. 0.],[0. 0. 0.],False,0.0,False,0.0,False,0.0,False
127248305973,"[[0. 0. 0. 0.]
 [0. 0. 0. 0.]
 [0. 0. 0. 0.]
 [0. 0. 0. 0.]]",False,False,[0. 0. 0.],[0. 0. 0.],False,[0. 0. 0.],[0. 0. 0.],False,[0. 0. 0.],[0. 0. 0.],False,0.0,False,0.0,False,0.0,False
127248419269,"[[0. 0. 0. 0.]
 [0. 0. 0. 0.]
 [0. 0. 0. 0.]
 [0. 0. 0. 0.]]",False,False,[0. 0. 0.],[0. 0. 0.],False,[0. 0. 0.],[0. 0. 0.],False,[0. 0. 0.],[0. 0. 0.],False,0.0,False,0.0,False,0.0,False
127248534120,"[[0. 0. 0. 0.]
 [0. 0. 0. 0.]
 [0. 0. 0. 0.]
 [0. 0. 0. 0.]]",False,False,[0. 0. 0.],[0. 0. 0.],False,[0. 0. 0.],[0. 0. 0.],False,[0. 0. 0.],[0. 0. 0.],False,0.0,False,0.0,False,0.0,False
127248648887,"[[0. 0. 0. 0.]
 [0. 0. 0. 0.]
 [0. 0. 0. 0.]
 [0. 0. 0. 0.]]",False,False,[0. 0. 0.],[0. 0. 0.],False,[0. 0. 0.],[0. 0. 0.],False,[0. 0. 0.],[0. 0. 0.],False,0.0,False,0.0,False,0.0,False
127248765353,"[[0. 0. 0. 0.]
 [0. 0. 0. 0.]
 [0. 0. 0. 0.]
 [0. 0. 0. 0.]]",False,False,[0. 0. 0.],[0. 0. 0.],False,[0. 0. 0.],[0. 0. 0.],False,[0. 0. 0.],[0. 0. 0.],False,0.0,False,0.0,False,0.0,False
127248878951,"[[0. 0. 0. 0.]
 [0. 0. 0. 0.]
 [0. 0. 0. 0.]
 [0. 0. 0. 0.]]",False,False,[0. 0. 0.],[0. 0. 0.],False,[0. 0. 0.],[0. 0. 0.],False,[0. 0. 0.],[0. 0. 0.],False,0.0,False,0.0,False,0.0,False
127248995639,"[[0. 0. 0. 0.]
 [0. 0. 0. 0.]
 [0. 0. 0. 0.]
 [0. 0. 0. 0.]]",False,False,[0. 0. 0.],[0. 0. 0.],False,[0. 0. 0.],[0. 0. 0.],False,[0. 0. 0.],[0. 0. 0.],False,0.0,False,0.0,False,0.0,False
127249126360,"[[-0.01479447 -0.9995237   0.02707874  0.        ]
 [-0.99970406  0.01426375 -0.01969932  0.        ]
 [ 0.01930369 -0.02736218 -0.999439    0.        ]
 [ 0.01216745  0.07746445 -0.05655065  1.        ]]",True,False,[0. 0. 0.],[0. 0. 0.],False,[0. 0. 0.],[0. 0. 0.],True,[ 0.04709053 -0.08050246 -0.03416825],[0.05506054 0.05735394 0.9968345 ],False,0.0,False,0.0,False,0.0,False
127249279587,"[[-0.01297498 -0.99961007  0.02472455  0.        ]
 [-0.9997387   0.0125035  -0.01913206  0.        ]
 [ 0.01881545 -0.02496633 -0.9995111   0.        ]
 [ 0.0135932   0.07829169 -0.05474534  1.        ]]",True,True,[ 0.04713897 -0.08051012 -0.03415383],[0.05804186 0.05419941 0.99684185],False,[0. 0. 0.],[0. 0. 0.],True,[ 0.04713896 -0.08051012 -0.03415384],[0.05804187 0.05419948 0.99684185],False,0.0,False,0.0,False,0.0,False
127249386621,"[[-0.01162291 -0.9996612   0.02329218  0.        ]
 [-0.99976087  0.011186   -0.0187948   0.        ]
 [ 0.01852788 -0.02350506 -0.99955213  0.        ]
 [ 0.01464634  0.07882687 -0.05349487  1.        ]]",True,True,[ 0.04715563 -0.08049666 -0.0341229 ],[0.05934872 0.05514885 0.99671286],False,[0. 0. 0.],[0. 0. 0.],True,[ 0.04717228 -0.08048319 -0.03409196],[0.06177536 0.05691174 0.9964662 ],False,0.0,False,0.0,False,0.0,False
127249497189,"[[-0.01004612 -0.9997071   0.02201715  0.        ]
 [-0.9997823   0.00963938 -0.0185033   0.        ]
 [ 0.01828565 -0.02219824 -0.99958634  0.        ]
 [ 0.01575189  0.07934974 -0.05218897  1.        ]]",True,True,[ 0.04716473 -0.08048979 -0.03409468],[0.060962   0.05437392 0.9966579 ],False,[0. 0. 0.],[0. 0. 0.],True,[ 0.04718294 -0.08047605 -0.03403825],[0.06383634 0.05284611 0.9965602 ],False,0.0,False,0.0,False,0.0,False
127249608304,"[[-0.00817764 -0.9997492   0.02085267  0.        ]
 [-0.99980414  0.00779849 -0.01819046  0.        ]
 [ 0.01802328 -0.02099733 -0.9996172   0.        ]
 [ 0.0169007   0.07983626 -0.0508853   1.        ]]",True,True,[ 0.04717304 -0.08050033 -0.03410603],[0.06195581 0.05544677 0.99653757],False,[0. 0. 0.],[0. 0. 0.],True,[ 0.04719797 -0.08053196 -0.03414007],[0.06353611 0.05742717 0.99632585],False,0.0,False,0.0,False,0.0,False
127249719419,"[[-0.00598192 -0.9997869   0.01976147  0.        ]
 [-0.99982625  0.00563067 -0.01777179  0.        ]
 [ 0.01765673 -0.01986434 -0.9996469   0.        ]
 [ 0.01808306  0.08028217 -0.04958508  1.        ]]",True,True,[ 0.04718275 -0.08049901 -0.03410103],[0.06379408 0.05685379 0.9963423 ],False,[0. 0. 0.],[0. 0. 0.],True,[ 0.04722157 -0.0804937  -0.03408106],[0.0668632  0.0593554  0.99599504],False,0.0,False,0.0,False,0.0,False
127249830535,"[[-0.00350785 -0.99981797  0.01875341  0.        ]
 [-0.99984646  0.00318497 -0.01722695  0.        ]
 [ 0.01716409 -0.01881097 -0.9996755   0.        ]
 [ 0.01929042  0.08068639 -0.04828263  1.        ]]",True,False,[ 0.04718275 -0.08049901 -0.03410103],[0.06379408 0.05685379 0.9963423 ],False,[0. 0. 0.],[0. 0. 0.],True,[ 0.0472325  -0.08047769 -0.0340363 ],[0.07077216 0.05217749 0.9961269 ],False,0.0,False,0.0,False,0.0,False
127249941650,"[[-8.8953972e-04 -9.9984032e-01  1.7837087e-02  0.0000000e+00]
 [-9.9986178e-01  5.9378147e-04 -1.6602090e-02  0.0000000e+00]
 [ 1.6588854e-02 -1.7849399e-02 -9.9970269e-01  0.0000000e+00]
 [ 2.0521287e-02  8.1057198e-02 -4.6938445e-02  1.0000000e+00]]",True,True,[ 0.04719528 -0.08049771 -0.03409358],[0.06612471 0.05654199 0.99620813],False,[0. 0. 0.],[0. 0. 0.],True,[ 0.04725794 -0.08049127 -0.03405634],[0.06995474 0.05572657 0.9959924 ],False,0.0,False,0.0,False,0.0,False
127250052766,"[[ 0.0017007  -0.99985456  0.01697415  0.        ]
 [-0.9998714  -0.00197136 -0.01592586  0.        ]
 [ 0.01595701 -0.01694488 -0.9997294   0.        ]
 [ 0.0217868   0.08139934 -0.04564381  1.        ]]",True,True,[ 0.04720687 -0.08049832 -0.03408806],[0.06712835 0.05619898 0.9961604 ],False,[0. 0. 0.],[0. 0. 0.],True,[ 0.04727644 -0.08050196 -0.0340549 ],[0.06830323 0.05536693 0.9961271 ],False,0.0,False,0.0,False,0.0,False
127250163882,"[[ 0.00417584 -0.99986124  0.01613312  0.        ]
 [-0.99987423 -0.00442195 -0.01523474  0.        ]
 [ 0.01530396 -0.01606747 -0.99975395  0.        ]
 [ 0.02305238  0.08174241 -0.04433053  1.        ]]",True,True,[ 0.04721816 -0.08049874 -0.03408197],[0.06672359 0.05585039 0.9962071 ],False,[0. 0. 0.],[0. 0. 0.],True,[ 0.04729709 -0.08050162 -0.03403939],[0.06522413 0.05504952 0.99635106],False,0.0,False,0.0,False,0.0,False
127250274999,"[[ 0.00641996 -0.9998623   0.01530669  0.        ]
 [-0.9998728  -0.00664246 -0.01450959  0.        ]
 [ 0.01460927 -0.01521159 -0.9997778   0.        ]
 [ 0.02436611  0.08206312 -0.04303923  1.        ]]",True,True,[ 0.04722896 -0.08050059 -0.034078  ],[0.06616066 0.05572844 0.9962516 ],False,[0. 0. 0.],[0. 0. 0.],True,[ 0.04731542 -0.08051546 -0.03404624],[0.06444238 0.05538854 0.99638313],False,0.0,False,0.0,False,0.0,False
127250386113,"[[ 0.00835001 -0.99986017  0.01449672  0.        ]
 [-0.9998691  -0.00854957 -0.01374496  0.        ]
 [ 0.01386698 -0.01438005 -0.9998007   0.        ]
 [ 0.0257327   0.08236449 -0.04177226  1.        ]]",True,True,[ 0.04724029 -0.08050387 -0.03407688],[0.06727467 0.05616178 0.9961526 ],False,[0. 0. 0.],[0. 0. 0.],True,[ 0.04734229 -0.08053345 -0.03406683],[0.06875665 0.05687005 0.9960112 ],False,0.0,False,0.0,False,0.0,False
127250497229,"[[ 0.00989449 -0.9998572   0.01371414  0.        ]
 [-0.9998658  -0.01007235 -0.01293798  0.        ]
 [ 0.01307426 -0.01358428 -0.9998226   0.        ]
 [ 0.02710482  0.08268333 -0.04048061  1.        ]]",True,True,[ 0.04726266 -0.08050588 -0.03406761],[0.06829832 0.05664148 0.9960558 ],False,[0. 0. 0.],[0. 0. 0.],True,[ 0.04736257 -0.08053013 -0.03406112],[0.06953839 0.05740054 0.99592644],False,0.0,False,0.0,False,0.0,False
127250608344,"[[ 0.010988   -0.9998553   0.01297768  0.        ]
 [-0.9998646  -0.01114488 -0.01209901  0.        ]
 [ 0.0122419  -0.01284298 -0.9998424   0.        ]
 [ 0.02852029  0.0829839  -0.03921657  1.        ]]",True,True,[ 0.04728296 -0.08051008 -0.03406386],[0.06865871 0.05710253 0.9960047 ],False,[0. 0. 0.],[0. 0. 0.],True,[ 0.04737533 -0.08052518 -0.03405444],[0.06860527 0.05778911 0.99596876],False,0.0,False,0.0,False,0.0,False
127250719461,"[[ 0.01159555 -0.99985695  0.01230831  0.        ]
 [-0.99986804 -0.01173377 -0.01122754  0.        ]
 [ 0.01137036 -0.01217649 -0.9998611   0.        ]
 [ 0.02998472  0.08326606 -0.03798484  1.        ]]",True,True,[ 0.04730438 -0.08051645 -0.03406594],[0.07174288 0.05621293 0.99583787],False,[0. 0. 0.],[0. 0. 0.],True,[ 0.04739719 -0.08053973 -0.03405904],[0.07674893 0.05435562 0.99556774],False,0.0,False,0.0,False,0.0,False
127250830576,"[[ 0.01175189 -0.9998623   0.0117247   0.        ]
 [-0.9998764  -0.01187325 -0.01031596  0.        ]
 [ 0.01045375 -0.01160202 -0.99987817  0.        ]
 [ 0.03144524  0.08355451 -0.03673151  1.        ]]",True,True,[ 0.0473265  -0.08051527 -0.03405384],[0.0733116  0.05640782 0.99571264],False,[0. 0. 0.],[0. 0. 0.],True,[ 0.04741912 -0.08052022 -0.03401902],[0.07525446 0.05665844 0.99555343],False,0.0,False,0.0,False,0.0,False
127250941692,"[[ 0.01148683 -0.9998714   0.01119933  0.        ]
 [-0.99988914 -0.01159191 -0.00934898  0.        ]
 [ 0.0094776  -0.0110907  -0.9998938   0.        ]
 [ 0.03294692  0.08383447 -0.03551437  1.        ]]",True,True,[ 0.04734739 -0.08052089 -0.03404912],[0.07486375 0.0555497  0.9956454 ],False,[0. 0. 0.],[0. 0. 0.],True,[ 0.04743044 -0.08054992 -0.03403388],[0.0766786  0.05383232 0.9956016 ],False,0.0,False,0.0,False,0.0,False
127251052807,"[[ 0.01085305 -0.999884    0.01068296  0.        ]
 [-0.99990535 -0.01094234 -0.00833694  0.        ]
 [ 0.00845287 -0.01059147 -0.9999082   0.        ]
 [ 0.03448413  0.08411705 -0.03433116  1.        ]]",True,False,[ 0.04734739 -0.08052089 -0.03404912],[0.07486375 0.0555497  0.9956454 ],True,[ 0.04898443 -0.01762187 -0.03222865],[0.08115319 0.00722666 0.99667543],True,[ 0.04746164 -0.08044809 -0.03387741],[0.08176488 0.05318521 0.9952316 ],False,0.0,False,0.0,False,0.0,False
127251163922,"[[ 0.00992429 -0.99989927  0.01014039  0.        ]
 [-0.99992347 -0.00999832 -0.00728321  0.        ]
 [ 0.00738386 -0.01006734 -0.99992204  0.        ]
 [ 0.03600815  0.08444047 -0.03310883  1.        ]]",True,True,[ 0.04741779 -0.07850075 -0.03397854],[0.07726878 0.04892083 0.9958093 ],True,[ 0.04900088 -0.01764988 -0.03220819],[0.08002034 0.00606931 0.9967747 ],True,[ 0.0474701  -0.08048075 -0.03389152],[0.08080056 0.0509956  0.99542487],False,0.0,False,0.0,False,0.0,False
127251386154,"[[ 0.00745541 -0.99993044  0.00911916  0.        ]
 [-0.9999593  -0.00750065 -0.0049858   0.        ]
 [ 0.00505386 -0.00908162 -0.99994564  0.        ]
 [ 0.03913839  0.08503711 -0.03079207  1.        ]]",True,False,[ 0.04741779 -0.07850075 -0.03397854],[0.07726878 0.04892083 0.9958093 ],True,[ 0.04917488 -0.01728219 -0.03243827],[0.09820798 0.05099317 0.9938586 ],True,[ 0.04761273 -0.08011214 -0.03390872],[0.09898474 0.09848414 0.99020356],False,0.0,False,0.0,False,0.0,False
127251497269,"[[ 0.00594801 -0.9999441   0.008758    0.        ]
 [-0.9999752  -0.00598109 -0.00374176  0.        ]
 [ 0.00379393 -0.00873552 -0.9999548   0.        ]
 [ 0.04071998  0.08534205 -0.02961497  1.        ]]",True,False,[ 0.04741779 -0.07850075 -0.03397854],[0.07726878 0.04892083 0.9958093 ],True,[ 0.04921814 -0.01713179 -0.03249063],[0.09767962 0.07331141 0.992514  ],True,[ 0.04764522 -0.07997664 -0.03397642],[0.09870791 0.11948292 0.9879173 ],False,0.0,False,0.0,False,0.0,False
127251608385,"[[ 0.00425631 -0.9999543   0.00855268  0.        ]
 [-0.9999878  -0.00427735 -0.00245204  0.        ]
 [ 0.00248851 -0.00854214 -0.9999603   0.        ]
 [ 0.04231045  0.08562449 -0.02848259  1.        ]]",True,False,[ 0.04741779 -0.07850075 -0.03397854],[0.07726878 0.04892083 0.9958093 ],True,[ 0.04925431 -0.01713934 -0.03245189],[0.09990584 0.07786611 0.9919454 ],True,[ 0.04765166 -0.08000769 -0.03401638],[0.10027043 0.1201914  0.987674  ],False,0.0,False,0.0,False,0.0,False
127251719501,"[[ 0.00240391 -0.9999607   0.00852264  0.        ]
 [-0.99999636 -0.00241339 -0.0011187   0.        ]
 [ 0.00113923 -0.00851992 -0.9999629   0.        ]
 [ 0.04391278  0.08588493 -0.02739742  1.        ]]",True,False,[ 0.04741779 -0.07850075 -0.03397854],[0.07726878 0.04892083 0.9958093 ],True,[ 0.04928152 -0.01717073 -0.03242232],[0.10096134 0.07184482 0.9922929 ],True,[ 0.04767874 -0.07999808 -0.03397315],[0.10149648 0.12025549 0.9875409 ],False,0.0,False,0.0,False,0.0,False
127251830616,"[[ 3.9708614e-04 -9.9996245e-01  8.6699491e-03  0.0000000e+00]
 [-1.0000000e+00 -3.9517879e-04  2.3276173e-04  0.0000000e+00]
 [-2.2932701e-04 -8.6700404e-03 -9.9996257e-01  0.0000000e+00]
 [ 4.5522459e-02  8.6135931e-02 -2.6329428e-02  1.0000000e+00]]",True,True,[ 0.04760719 -0.07347792 -0.03382966],[0.08796864 0.06390664 0.9940712 ],True,[ 0.04930372 -0.01717781 -0.032426  ],[0.10240814 0.07095739 0.9922084 ],True,[ 0.04770432 -0.08001043 -0.03396276],[0.10309633 0.11867557 0.98756635],False,0.0,False,0.0,False,0.0,False
127251941732,"[[-0.00171745 -0.99995834  0.00896805  0.        ]
 [-0.9999973   0.00173146  0.00155766  0.        ]
 [-0.00157312 -0.00896535 -0.9999585   0.        ]
 [ 0.04708549  0.0864208  -0.02520666  1.        ]]",True,False,[ 0.04760719 -0.07347792 -0.03382966],[0.08796864 0.06390664 0.9940712 ],True,[ 0.04932722 -0.01718389 -0.03243728],[0.10299829 0.07254114 0.99203277],True,[ 0.04771255 -0.08001862 -0.03395224],[0.10344173 0.11966529 0.9874108 ],False,0.0,False,0.0,False,0.0,False
127252052848,"[[-0.00393593 -0.99994767  0.00942419  0.        ]
 [-0.99998784  0.00396341  0.00285945  0.        ]
 [-0.00289665 -0.00941283 -0.9999511   0.        ]
 [ 0.04870262  0.086638   -0.02417068  1.        ]]",True,False,[ 0.04760719 -0.07347792 -0.03382966],[0.08796864 0.06390664 0.9940712 ],True,[ 0.04935979 -0.01720076 -0.03242172],[0.10103642 0.06734256 0.9926009 ],True,[ 0.04772779 -0.08001726 -0.03391131],[0.10196263 0.11706397 0.9878763 ],False,0.0,False,0.0,False,0.0,False
127252163964,"[[-0.00619256 -0.99993044  0.01002857  0.        ]
 [-0.9999719   0.00623441  0.00412709  0.        ]
 [-0.00418933 -0.01000273 -0.999941    0.        ]
 [ 0.05027026  0.08686346 -0.02310656  1.        ]]",True,False,[ 0.04760719 -0.07347792 -0.03382966],[0.08796864 0.06390664 0.9940712 ],True,[ 0.0493706  -0.01726234 -0.03234772],[0.09754048 0.0656674  0.99306285],True,[ 0.04772944 -0.08007693 -0.03399372],[0.0985082  0.11523415 0.98844177],False,0.0,False,0.0,False,0.0,False
127252275079,"[[-0.00845909 -0.999907    0.01070924  0.        ]
 [-0.99994946  0.00851667  0.00537375  0.        ]
 [-0.00546446 -0.01066324 -0.9999286   0.        ]
 [ 0.05184464  0.08706357 -0.02207382  1.        ]]",True,True,[ 0.04773841 -0.07001858 -0.03373498],[0.09195901 0.07287173 0.99309283],True,[ 0.04938315 -0.01725819 -0.03235677],[0.09682003 0.06643503 0.9930822 ],True,[ 0.04772727 -0.08008076 -0.03398452],[0.09753107 0.11501294 0.9885644 ],False,0.0,False,0.0,False,0.0,False
127252386195,"[[-0.01070225 -0.9998776   0.01142137  0.        ]
 [-0.99992     0.01077831  0.00662349  0.        ]
 [-0.00674579 -0.01134957 -0.999913    0.        ]
 [ 0.05342265  0.08724156 -0.02107041  1.        ]]",True,True,[ 0.04861009 -0.046891   -0.03313459],[0.09712506 0.08799677 0.9913745 ],True,[ 0.04939776 -0.01727993 -0.03234205],[0.09671469 0.0666727  0.9930765 ],True,[ 0.04772599 -0.08012639 -0.03402415],[0.09753273 0.11188287 0.98892343],False,0.0,False,0.0,False,0.0,False
127252497311,"[[-0.01281416 -0.99984413  0.01215626  0.        ]
 [-0.9998854   0.01291084  0.00793097  0.        ]
 [-0.00808669 -0.01205324 -0.999895    0.        ]
 [ 0.05492339  0.08744092 -0.0200342   1.        ]]",True,False,[ 0.04861009 -0.046891   -0.03313459],[0.09712506 0.08799677 0.9913745 ],True,[ 0.04941926 -0.01727332 -0.03236019],[0.09411366 0.0697654  0.99311393],True,[ 0.04772547 -0.08014165 -0.03403145],[0.09489167 0.11197822 0.98916966],False,0.0,False,0.0,False,0.0,False
127252719543,"[[-0.01649094 -0.99977076  0.01365557  0.        ]
 [-0.99980366  0.01663846  0.01076328  0.        ]
 [-0.01098802 -0.01347539 -0.99984884  0.        ]
 [ 0.05790135  0.0877323  -0.01802548  1.        ]]",True,True,[ 0.04838067 -0.05600635 -0.03339016],[0.09707931 0.09423211 0.9908057 ],True,[ 0.0494436  -0.01730738 -0.0323371 ],[0.09657853 0.06952652 0.9928942 ],True,[ 0.0477376  -0.08017299 -0.03404591],[0.09718939 0.11158574 0.9889908 ],False,0.0,False,0.0,False,0.0,False
127253052888,"[[-0.02047646 -0.99966556  0.0157903   0.        ]
 [-0.99966604  0.02072054  0.01544013  0.        ]
 [-0.01576215 -0.01546887 -0.99975586  0.        ]
 [ 0.0622193   0.08798555 -0.01499231  1.        ]]",True,True,[ 0.04833367 -0.05817251 -0.03344298],[0.095111   0.09629253 0.9907984 ],True,[ 0.04947286 -0.01737331 -0.03227716],[0.09162969 0.06349334 0.99376684],True,[ 0.0477527  -0.0801998  -0.03403095],[0.09240165 0.11073894 0.98954475],False,0.0,False,0.0,False,0.0,False
127253164004,"[[-0.02150297 -0.9996344   0.01638266  0.        ]
 [-0.99961793  0.02178156  0.01700864  0.        ]
 [-0.01735926 -0.01601067 -0.99972093  0.        ]
 [ 0.06357142  0.08804058 -0.01392031  1.        ]]",True,True,[ 0.04832203 -0.05873716 -0.03345453],[0.09375551 0.09550466 0.99100393],True,[ 0.04947806 -0.01738291 -0.03227457],[0.09086488 0.06138316 0.9939696 ],True,[ 0.04775095 -0.0802217  -0.0340351 ],[0.09162995 0.10682417 0.99004674],False,0.0,False,0.0,False,0.0,False
127253275120,"[[-0.0225054  -0.99960506  0.01683151  0.        ]
 [-0.9995674   0.02281702  0.01855816  0.        ]
 [-0.01893488 -0.01640656 -0.99968624  0.        ]
 [ 0.06496879  0.08808251 -0.01296474  1.        ]]",True,True,[ 0.04829434 -0.05982657 -0.03348447],[0.09255865 0.09617762 0.9910513 ],True,[ 0.04947406 -0.01737197 -0.03228255],[0.09007857 0.06504634 0.99380827],True,[ 0.04774684 -0.08024421 -0.03405559],[0.09077894 0.10583552 0.99023134],False,0.0,False,0.0,False,0.0,False
127253386235,"[[-0.02356529 -0.99957645  0.01707632  0.        ]
 [-0.99951243  0.02390695  0.02008544  0.        ]
 [-0.02048517 -0.01659468 -0.9996524   0.        ]
 [ 0.06636385  0.08814065 -0.01202144  1.        ]]",True,True,[ 0.04828869 -0.06012553 -0.03349078],[0.09142426 0.09506325 0.99126416],True,[ 0.04948136 -0.0173852  -0.0322751 ],[0.08921578 0.06193508 0.9940848 ],True,[ 0.04775368 -0.08024474 -0.03404154],[0.08989159 0.10459203 0.99044436],False,0.0,False,0.0,False,0.0,False
127253497350,"[[-0.02472937 -0.9995484   0.01708847  0.        ]
 [-0.99945253  0.02509528  0.02157454  0.        ]
 [-0.02199364 -0.01654559 -0.9996216   0.        ]
 [ 0.06775684  0.08821655 -0.01096546  1.        ]]",True,True,[ 0.0482881  -0.06024308 -0.03349324],[0.09069321 0.09384468 0.9914474 ],True,[ 0.04947949 -0.01739302 -0.03227526],[0.08940088 0.06204452 0.9940613 ],True,[ 0.04776241 -0.08025791 -0.03405194],[0.08997622 0.10373006 0.9905272 ],False,0.0,False,0.0,False,0.0,False
127253608466,"[[-0.02607107 -0.99951696  0.01690899  0.        ]
 [-0.9993856   0.02645671  0.02298617  0.        ]
 [-0.02342242 -0.01629933 -0.99959254  0.        ]
 [ 0.06915686  0.08831963 -0.01004902  1.        ]]",True,True,[ 0.04828539 -0.06046768 -0.0334993 ],[0.09080549 0.0931632  0.9915014 ],True,[ 0.04949179 -0.01739745 -0.03227751],[0.09126049 0.06238236 0.9938713 ],True,[ 0.04777568 -0.08027133 -0.03405715],[0.09162974 0.10303437 0.99044836],False,0.0,False,0.0,False,0.0,False
127253719583,"[[-0.02757978 -0.9994822   0.01656874  0.        ]
 [-0.9993121   0.0279786   0.02434078  0.        ]
 [-0.02479175 -0.01588603 -0.9995663   0.        ]
 [ 0.07056035  0.08843886 -0.00914864  1.        ]]",True,True,[ 0.04827011 -0.06136174 -0.0335224 ],[0.09129436 0.09060119 0.99169385],True,[ 0.04950977 -0.01739294 -0.03229393],[0.09249624 0.06162997 0.993804  ],True,[ 0.04778782 -0.08027765 -0.03404727],[0.09278635 0.10078064 0.9905726 ],False,0.0,False,0.0,False,0.0,False
127253830697,"[[-0.02924502 -0.99944264  0.01609236  0.        ]
 [-0.9992313   0.02965188  0.0256389   0.        ]
 [-0.02610178 -0.01533017 -0.9995415   0.        ]
 [ 0.07194823  0.08857824 -0.00815595  1.        ]]",True,True,[ 0.04829218 -0.0608366  -0.03350505],[0.09148531 0.087727   0.9919346 ],True,[ 0.04952212 -0.01739272 -0.03230571],[0.0919899  0.05980057 0.9939627 ],True,[ 0.04779817 -0.08028672 -0.03403713],[0.09241393 0.09774038 0.9909119 ],False,0.0,False,0.0,False,0.0,False
127253941815,"[[-0.03103435 -0.999398    0.01550818  0.        ]
 [-0.999143    0.03144407  0.02691855  0.        ]
 [-0.02738999 -0.0146595  -0.99951744  0.        ]
 [ 0.07335099  0.08871328 -0.00728787  1.        ]]",True,True,[ 0.04832606 -0.05992038 -0.03347751],[0.09223929 0.08420835 0.99216974],True,[ 0.04953901 -0.01740581 -0.0322997 ],[0.09356786 0.05690417 0.99398535],True,[ 0.04781789 -0.08029711 -0.03403432],[0.09435673 0.09517656 0.9909785 ],False,0.0,False,0.0,False,0.0,False
127254052930,"[[-0.03290129 -0.99934876  0.01481761  0.        ]
 [-0.9990462   0.03331     0.02823168  0.        ]
 [-0.02870687 -0.01387462 -0.99949145  0.        ]
 [ 0.07474846  0.08885648 -0.00643567  1.        ]]",True,True,[ 0.04835666 -0.05912477 -0.03345329],[0.0930825  0.08213305 0.99226505],True,[ 0.04955793 -0.01740916 -0.03230566],[0.09461023 0.05635946 0.9939177 ],True,[ 0.04782711 -0.08029681 -0.03403212],[0.09514945 0.09517614 0.99090266],False,0.0,False,0.0,False,0.0,False
127254164885,"[[-0.03490829 -0.9992929   0.01396722  0.        ]
 [-0.9989371   0.03531003  0.02962836  0.        ]
 [-0.0301006  -0.01291809 -0.9994633   0.        ]
 [ 0.07618871  0.0890325  -0.00546926  1.        ]]",True,False,[ 0.04835666 -0.05912477 -0.03345329],[0.0930825  0.08213305 0.99226505],True,[ 0.04957414 -0.01742734 -0.03229594],[0.09185175 0.05043588 0.9944946 ],True,[ 0.04784292 -0.080279   -0.03399803],[0.09286574 0.09409805 0.99122226],False,0.0,False,0.0,False,0.0,False
127254318773,"[[-0.03798866 -0.9991992   0.01256416  0.        ]
 [-0.99876577  0.0383687   0.03153973  0.        ]
 [-0.03199655 -0.01135051 -0.9994235   0.        ]
 [ 0.07810626  0.08929636 -0.00433452  1.        ]]",True,True,[ 0.04841278 -0.0575312  -0.03340857],[0.09304966 0.07579921 0.9927721 ],True,[ 0.04959885 -0.01739786 -0.03234465],[0.09268189 0.04543139 0.9946587 ],True,[ 0.04787393 -0.08025633 -0.03394264],[0.09375974 0.08920446 0.9915905 ],False,0.0,False,0.0,False,0.0,False
127254425954,"[[-0.04034877 -0.9991203   0.01142587  0.        ]
 [-0.9986312   0.04070473  0.032844    0.        ]
 [-0.03328019 -0.01008501 -0.99939513  0.        ]
 [ 0.07943467  0.08950062 -0.00356849  1.        ]]",True,True,[ 0.04844566 -0.05682446 -0.03338914],[0.09568264 0.07707497 0.9924235 ],True,[ 0.04961478 -0.01743024 -0.0322836 ],[0.10013385 0.05564631 0.9934166 ],True,[ 0.04788102 -0.08029009 -0.03403809],[0.10116321 0.09815333 0.99001616],False,0.0,False,0.0,False,0.0,False
127254536462,"[[-0.04291534 -0.9990273   0.01013484  0.        ]
 [-0.9984819   0.04323816  0.03412306  0.        ]
 [-0.03452808 -0.00865505 -0.9993663   0.        ]
 [ 0.08080995  0.089725   -0.00268905  1.        ]]",True,True,[ 0.04850184 -0.05513474 -0.0333438 ],[0.09355351 0.08205564 0.99222714],True,[ 0.04956853 -0.01728724 -0.03239371],[0.08897509 0.07242586 0.9933972 ],True,[ 0.04785167 -0.0801758  -0.0339903 ],[0.09002517 0.1114272  0.98968655],False,0.0,False,0.0,False,0.0,False
127254647577,"[[-0.0455761  -0.9989218   0.00879452  0.        ]
 [-0.9983223   0.04586035  0.03533836  0.        ]
 [-0.03570359 -0.00716918 -0.99933624  0.        ]
 [ 0.08217341  0.08995656 -0.00194589  1.        ]]",True,True,[ 0.04853714 -0.05427525 -0.03332289],[0.09415364 0.08496402 0.9919254 ],True,[ 0.04960055 -0.01734283 -0.03235357],[0.09488353 0.06654357 0.9932618 ],True,[ 0.04787043 -0.08020567 -0.03403835],[0.09575053 0.10879202 0.9894423 ],False,0.0,False,0.0,False,0.0,False
127254758693,"[[-0.04827714 -0.9988065   0.00740882  0.        ]
 [-0.9981557   0.04851633  0.0364859   0.        ]
 [-0.0368018  -0.00563372 -0.9993067   0.        ]
 [ 0.08352683  0.09018933 -0.00123208  1.        ]]",True,False,[ 0.04853714 -0.05427525 -0.03332289],[0.09415364 0.08496402 0.9919254 ],True,[ 0.04962453 -0.01736231 -0.03234543],[0.09687127 0.06420212 0.9932241 ],True,[ 0.04789517 -0.08022447 -0.03403826],[0.09736609 0.10711087 0.9894681 ],False,0.0,False,0.0,False,0.0,False
127254869809,"[[-5.0979972e-02 -9.9868143e-01  6.0214158e-03  0.0000000e+00]
 [-9.9798286e-01  5.1171005e-02  3.7569426e-02  0.0000000e+00]
 [-3.7828013e-02 -4.0939804e-03 -9.9927568e-01  0.0000000e+00]
 [ 8.4893242e-02  9.0416983e-02 -4.4027157e-04  1.0000000e+00]]",True,True,[ 0.04854925 -0.05442742 -0.03332772],[0.09557819 0.08848648 0.9914812 ],True,[ 0.04965256 -0.01737523 -0.03233561],[0.09797472 0.06337828 0.9931687 ],True,[ 0.04792219 -0.08022687 -0.03403484],[0.0983936  0.10762516 0.9893107 ],False,0.0,False,0.0,False,0.0,False
127254980924,"[[-5.3687215e-02 -9.9854690e-01  4.6999995e-03  0.0000000e+00]
 [-9.9780446e-01  5.3828597e-02  3.8587846e-02  0.0000000e+00]
 [-3.8784765e-02 -2.6180111e-03 -9.9924445e-01  0.0000000e+00]
 [ 8.6220704e-02  9.0624504e-02  2.1216087e-04  1.0000000e+00]]",True,True,[ 0.04858369 -0.05383813 -0.03331248],[0.09761456 0.08934011 0.9912062 ],True,[ 0.04968764 -0.01737299 -0.03234339],[0.10091633 0.06462636 0.9927937 ],True,[ 0.04795314 -0.08023816 -0.03403924],[0.10155427 0.10665416 0.98909634],False,0.0,False,0.0,False,0.0,False
127255092041,"[[-5.6376815e-02 -9.9840355e-01  3.4696851e-03  0.0000000e+00]
 [-9.9762154e-01  5.6470037e-02  3.9527394e-02  0.0000000e+00]
 [-3.9660223e-02 -1.2330022e-03 -9.9921250e-01  0.0000000e+00]
 [ 8.7532133e-02  9.0812102e-02  8.3026104e-04  1.0000000e+00]]",True,True,[ 0.04860473 -0.05377026 -0.03331091],[0.09929749 0.08890089 0.9910785 ],True,[ 0.04971629 -0.01739582 -0.03233325],[0.10186421 0.0605915  0.99295133],True,[ 0.04797105 -0.08023392 -0.03402525],[0.10234163 0.10608908 0.989076  ],False,0.0,False,0.0,False,0.0,False
127255203156,"[[-5.9031606e-02 -9.9825329e-01  2.3365244e-03  0.0000000e+00]
 [-9.9743611e-01  5.9077978e-02  4.0383246e-02  0.0000000e+00]
 [-4.0450748e-02  5.3357333e-05 -9.9918139e-01  0.0000000e+00]
 [ 8.8847890e-02  9.1003269e-02  1.5316326e-03  1.0000000e+00]]",True,True,[ 0.04863407 -0.05345355 -0.03330354],[0.10028268 0.08726421 0.9911248 ],True,[ 0.04974783 -0.01736529 -0.0323761 ],[0.10142732 0.06069885 0.99298954],True,[ 0.04799119 -0.08022472 -0.0340008 ],[0.10192449 0.10367306 0.9893751 ],False,0.0,False,0.0,False,0.0,False
127255314271,"[[-0.06163263 -0.998098    0.00130376  0.        ]
 [-0.99724936  0.06163406  0.04116885  0.        ]
 [-0.04117091  0.00123717 -0.99915123  0.        ]
 [ 0.09011249  0.09115677  0.00207883  1.        ]]",True,True,[ 0.04866821 -0.05296898 -0.03329398],[0.10058117 0.08458193 0.99132705],True,[ 0.04976687 -0.01733822 -0.03242051],[0.10025815 0.06015202 0.9931416 ],True,[ 0.0480097  -0.08021414 -0.03397583],[0.10108785 0.10137854 0.9896988 ],False,0.0,False,0.0,False,0.0,False
127255425387,"[[-6.4152598e-02 -9.9794012e-01  3.9903633e-04  0.0000000e+00]
 [-9.9706310e-01  6.4112902e-02  4.1891165e-02  0.0000000e+00]
 [-4.1830450e-02  2.2895634e-03 -9.9912214e-01  0.0000000e+00]
 [ 9.1345958e-02  9.1290370e-02  2.5879499e-03  1.0000000e+00]]",True,True,[ 0.0486988  -0.05262795 -0.03328868],[0.10275416 0.08383728 0.9911674 ],True,[ 0.04978392 -0.01735164 -0.03240607],[0.10595904 0.0620168  0.9924347 ],True,[ 0.0480295  -0.0802398  -0.03401575],[0.10661084 0.10146898 0.9891098 ],False,0.0,False,0.0,False,0.0,False
127255536503,"[[-6.6550851e-02 -9.9778289e-01 -4.0567853e-04  0.0000000e+00]
 [-9.9687892e-01  6.6473305e-02  4.2587399e-02  0.0000000e+00]
 [-4.2466015e-02  3.2386407e-03 -9.9909258e-01  0.0000000e+00]
 [ 9.2683479e-02  9.1364577e-02  3.2104198e-03  1.0000000e+00]]",True,True,[ 0.04870015 -0.05326032 -0.03331083],[0.10421307 0.08310668 0.9910767 ],True,[ 0.04980549 -0.01736013 -0.03239974],[0.10590335 0.05938812 0.9926014 ],True,[ 0.04804589 -0.08023252 -0.03400667],[0.10655025 0.10126793 0.9891369 ],False,0.0,False,0.0,False,0.0,False
127255647619,"[[-0.06880462 -0.9976295  -0.00105055  0.        ]
 [-0.99670184  0.06869543  0.04319939  0.        ]
 [-0.04302482  0.00401941 -0.99906564  0.        ]
 [ 0.09384555  0.09144276  0.00364459  1.        ]]",True,True,[ 0.0487275  -0.05299398 -0.03330588],[0.1053092  0.08262294 0.9910012 ],True,[ 0.04983427 -0.01740682 -0.03234941],[0.1061307  0.05664965 0.99273723],True,[ 0.04806703 -0.08024208 -0.03402734],[0.10692974 0.1031457  0.98890185],False,0.0,False,0.0,False,0.0,False
127255869850,"[[-0.07284188 -0.9973416  -0.00188604  0.        ]
 [-0.996376    0.07268822  0.04417016  0.        ]
 [-0.04391566  0.00509666 -0.9990219   0.        ]
 [ 0.09617414  0.09151383  0.00450903  1.        ]]",True,True,[ 0.04874144 -0.05424984 -0.03334247],[0.10592722 0.08534458 0.99070466],True,[ 0.04986053 -0.01741359 -0.03233564],[0.10529932 0.06139692 0.99254346],True,[ 0.04808643 -0.08028156 -0.03407791],[0.10597632 0.10310761 0.9890085 ],False,0.0,False,0.0,False,0.0,False
127255980966,"[[-0.07472992 -0.99720144 -0.00216635  0.        ]
 [-0.99622357  0.07455987  0.04449132  0.        ]
 [-0.04420529  0.005483   -0.99900746  0.        ]
 [ 0.09722908  0.09152342  0.00480876  1.        ]]",True,True,[ 0.04876814 -0.05397578 -0.03333486],[0.10523277 0.08631273 0.99069476],True,[ 0.0498714  -0.01743427 -0.03231193],[0.10240098 0.05596844 0.9931674 ],True,[ 0.04809899 -0.08025758 -0.03404482],[0.10347454 0.10363525 0.98921824],False,0.0,False,0.0,False,0.0,False
127256092079,"[[-0.07663333 -0.99705637 -0.00240084  0.        ]
 [-0.9960722   0.07645023  0.04467075  0.        ]
 [-0.04435571  0.00581468 -0.9989989   0.        ]
 [ 0.09825104  0.09152831  0.00506036  1.        ]]",True,True,[ 0.04877703 -0.05427306 -0.03334313],[0.10543078 0.08697768 0.99061555],True,[ 0.04988427 -0.01743047 -0.03231376],[0.10445198 0.05751525 0.99286544],True,[ 0.04810975 -0.08026871 -0.03405898],[0.10540173 0.1033394  0.98904574],False,0.0,False,0.0,False,0.0,False
127256203196,"[[-0.07854712 -0.99690694 -0.00260888  0.        ]
 [-0.99592334  0.07835275  0.044693    0.        ]
 [-0.04435035  0.00610875 -0.9989972   0.        ]
 [ 0.0993557   0.09155968  0.00539891  1.        ]]",True,True,[ 0.04879607 -0.05415063 -0.0333422 ],[0.10548577 0.08445074 0.9908284 ],True,[ 0.04987971 -0.0174714  -0.03232127],[0.10425273 0.0559234  0.9929773 ],True,[ 0.04811788 -0.08034508 -0.03407935],[0.10536075 0.09697667 0.98969424],False,0.0,False,0.0,False,0.0,False
127256314311,"[[-0.08035767 -0.99676234 -0.00277757  0.        ]
 [-0.9957853   0.08015448  0.04457786  0.        ]
 [-0.0442109   0.00634804 -0.9990022   0.        ]
 [ 0.10030059  0.09156166  0.00555259  1.        ]]",True,False,[ 0.04879607 -0.05415063 -0.0333422 ],[0.10548577 0.08445074 0.9908284 ],True,[ 0.04977625 -0.01796043 -0.03222365],[ 0.09993807 -0.01510916  0.994879  ],True,[ 0.04806104 -0.08077859 -0.03418587],[0.10120858 0.02980862 0.99441856],False,0.0,False,0.0,False,0.0,False
127256425428,"[[-0.08198953 -0.9966289  -0.00290494  0.        ]
 [-0.9956609   0.08178061  0.0443984   0.        ]
 [-0.04401116  0.00653255 -0.9990096   0.        ]
 [ 0.10119713  0.09155311  0.00566031  1.        ]]",True,False,[ 0.04879607 -0.05415063 -0.0333422 ],[0.10548577 0.08445074 0.9908284 ],True,[ 0.04971952 -0.01845707 -0.03217286],[ 0.0980877  -0.07990749  0.99196464],True,[ 0.04799972 -0.08122477 -0.03430776],[ 0.09872206 -0.03175813  0.99460816],False,0.0,False,0.0,False,0.0,False
127256536544,"[[-0.08343315 -0.99650913 -0.00291567  0.        ]
 [-0.9955514   0.08322376  0.044172    0.        ]
 [-0.04377515  0.00658811 -0.9990196   0.        ]
 [ 0.10214709  0.09153969  0.005827    1.        ]]",True,True,[ 0.04871075 -0.05581548 -0.03348773],[ 0.10589677 -0.05885765  0.9926337 ],True,[ 0.04972764 -0.01860728 -0.03221692],[ 0.10534052 -0.08752605  0.9905769 ],True,[ 0.04801242 -0.08136728 -0.03436043],[ 0.10622808 -0.03914207  0.9935711 ],False,0.0,False,0.0,False,0.0,False
127256647659,"[[-0.08470774 -0.99640197 -0.00280727  0.        ]
 [-0.99545425  0.08450317  0.04393417  0.        ]
 [-0.04353887  0.00651607 -0.9990306   0.        ]
 [ 0.10294028  0.09151386  0.00584649  1.        ]]",True,True,[ 0.04878748 -0.05309439 -0.03338909],[ 0.10454716 -0.05825567  0.9928122 ],True,[ 0.04972997 -0.01856233 -0.03221849],[ 0.1016958  -0.07962357  0.99162394],True,[ 0.048021   -0.08135597 -0.03433452],[ 0.10232567 -0.03520874  0.99412763],False,0.0,False,0.0,False,0.0,False
127256758775,"[[-0.0858438  -0.9963054  -0.00260192  0.        ]
 [-0.995369    0.08564878  0.04364847  0.        ]
 [-0.04326435  0.00633681 -0.99904394  0.        ]
 [ 0.10368501  0.09147923  0.0058229   1.        ]]",True,True,[ 0.04881933 -0.05221139 -0.03334471],[ 0.1034563  -0.05856527  0.9929083 ],True,[ 0.04974931 -0.01860567 -0.03215494],[ 0.10126617 -0.08506289  0.9912162 ],True,[ 0.04804231 -0.08134577 -0.03432446],[ 0.10177094 -0.03405416  0.99422485],False,0.0,False,0.0,False,0.0,False
127256869891,"[[-0.08692014 -0.9962126  -0.00227112  0.        ]
 [-0.9952897   0.08674115  0.04329332  0.        ]
 [-0.04293235  0.00602349 -0.9990597   0.        ]
 [ 0.10454962  0.09140635  0.005872    1.        ]]",True,True,[ 0.04883837 -0.05171695 -0.03331841],[ 0.10207356 -0.05813444  0.99307674],True,[ 0.04975457 -0.01859698 -0.03214921],[ 0.09942411 -0.08303584  0.99157447],True,[ 0.04805085 -0.08133766 -0.0343115 ],[ 0.09995752 -0.03207603  0.99447453],False,0.0,False,0.0,False,0.0,False
127256981007,"[[-0.08791554 -0.9961267  -0.0017608   0.        ]
 [-0.99522096  0.08775938  0.04282551  0.        ]
 [-0.0425051   0.0055174  -0.9990816   0.        ]
 [ 0.10520639  0.09134073  0.00576406  1.        ]]",True,True,[ 0.04885406 -0.05132131 -0.03329751],[ 0.10118171 -0.05809739  0.9931702 ],True,[ 0.0497614  -0.01860189 -0.03213823],[ 0.09959272 -0.08374266  0.99149805],True,[ 0.04805975 -0.08133699 -0.03430548],[ 0.10006974 -0.03202133  0.99446505],False,0.0,False,0.0,False,0.0,False
127257092121,"[[-0.08879745 -0.99604905 -0.00108861  0.        ]
 [-0.99516284  0.08867234  0.04228577  0.        ]
 [-0.04202218  0.00483821 -0.99910486  0.        ]
 [ 0.10581655  0.0912637   0.00561765  1.        ]]",True,True,[ 0.04886024 -0.05124811 -0.03328917],[ 0.10086294 -0.05746739  0.99323916],True,[ 0.04976584 -0.0185829  -0.03214031],[ 0.10028005 -0.08246008  0.99153626],True,[ 0.04806665 -0.08132756 -0.03429117],[ 0.10098349 -0.03172388  0.99438214],False,0.0,False,0.0,False,0.0,False
127257203237,"[[-8.95346403e-02 -9.95983839e-01 -2.92079523e-04  0.00000000e+00]
 [-9.95118380e-01  8.94443393e-02  4.17058542e-02  0.00000000e+00]
 [-4.15122285e-02  4.02476825e-03 -9.99130249e-01  0.00000000e+00]
 [ 1.06499135e-01  9.12280306e-02  5.52028976e-03  1.00000000e+00]]",True,True,[ 0.04886234 -0.0512541  -0.03328532],[ 0.09988818 -0.05701394  0.9933638 ],True,[ 0.04976233 -0.01857089 -0.03214341],[ 0.0981233  -0.08138882  0.9918405 ],True,[ 0.04806001 -0.08133449 -0.03428945],[ 0.09877356 -0.03321252  0.9945556 ],False,0.0,False,0.0,False,0.0,False
127257314354,"[[-9.0162396e-02 -9.9592686e-01  5.6880899e-04  0.0000000e+00]
 [-9.9508226e-01  9.0109408e-02  4.1128919e-02  0.0000000e+00]
 [-4.1012652e-02  3.1422693e-03 -9.9915361e-01  0.0000000e+00]
 [ 1.0701079e-01  9.1149338e-02  5.3098015e-03  1.0000000e+00]]",True,True,[ 0.04886104 -0.05135952 -0.03328479],[ 0.09893505 -0.05618465  0.9935065 ],True,[ 0.0497609  -0.01856132 -0.0321406 ],[ 0.09725647 -0.08102963  0.99195534],True,[ 0.04805996 -0.08131849 -0.03427491],[ 0.09793385 -0.03191324  0.9946811 ],False,0.0,False,0.0,False,0.0,False
127257425468,"[[-0.09070063 -0.995877    0.00144187  0.        ]
 [-0.9950526   0.09068453  0.04057571  0.        ]
 [-0.04053918  0.00224551 -0.9991752   0.        ]
 [ 0.1076759   0.09103057  0.0052254   1.        ]]",True,True,[ 0.04887456 -0.05092291 -0.03326821],[ 0.09711307 -0.05656144  0.99366486],True,[ 0.04976808 -0.01848997 -0.03222704],[ 0.09377822 -0.07954823  0.99241006],True,[ 0.04806463 -0.08126143 -0.03419748],[ 0.09479995 -0.03165732  0.9949928 ],False,0.0,False,0.0,False,0.0,False
127257536584,"[[-0.09111893 -0.9958373   0.00234867  0.        ]
 [-0.9950332   0.09113979  0.04003091  0.        ]
 [-0.04007833  0.00131057 -0.9991957   0.        ]
 [ 0.10811514  0.0909364   0.00498169  1.        ]]",True,True,[ 0.04887374 -0.05096915 -0.03326646],[ 0.09509477 -0.05608352  0.9938871 ],True,[ 0.04975712 -0.01849101 -0.0322074 ],[ 0.09139626 -0.08038962  0.99256444],True,[ 0.04805721 -0.08126292 -0.03419843],[ 0.09256539 -0.03262159  0.9951721 ],False,0.0,False,0.0,False,0.0,False
127257647700,"[[-9.1420531e-02 -9.9580717e-01  3.2384545e-03  0.0000000e+00]
 [-9.9502242e-01  9.1476917e-02  3.9529219e-02  0.0000000e+00]
 [-3.9659724e-02  3.9144419e-04 -9.9921334e-01  0.0000000e+00]
 [ 1.0849423e-01  9.0847164e-02  4.7078021e-03  1.0000000e+00]]",True,True,[ 0.04889506 -0.05029035 -0.03323564],[ 0.09352463 -0.05597642  0.99404216],True,[ 0.04975522 -0.01846451 -0.0322265 ],[ 0.09106609 -0.07846327  0.992749  ],True,[ 0.04804762 -0.08124998 -0.03418422],[ 0.09180619 -0.03226789  0.9952539 ],False,0.0,False,0.0,False,0.0,False
127257758816,"[[-9.16434526e-02 -9.95783448e-01  4.09791432e-03  0.00000000e+00]
 [-9.95016813e-01  9.17336941e-02  3.90688777e-02  0.00000000e+00]
 [-3.92800570e-02 -4.97084111e-04 -9.99228120e-01  0.00000000e+00]
 [ 1.09008275e-01  9.07480866e-02  4.53013927e-03  1.00000000e+00]]",True,True,[ 0.04889935 -0.0501941  -0.03322506],[ 0.09222624 -0.05602602  0.9941607 ],True,[ 0.04974778 -0.01845602 -0.03223012],[ 0.09041779 -0.07963193  0.9927151 ],True,[ 0.04804285 -0.08123382 -0.03416603],[ 0.09106236 -0.03234439  0.9953198 ],False,0.0,False,0.0,False,0.0,False
127257981046,"[[-0.09202576 -0.99573976  0.00581593  0.        ]
 [-0.99500865  0.09218127  0.03821819  0.        ]
 [-0.03859149 -0.00226985 -0.9992527   0.        ]
 [ 0.10962912  0.09059022  0.00392376  1.        ]]",True,True,[ 0.04889997 -0.05007527 -0.03321345],[ 0.09047298 -0.05531587  0.9943615 ],True,[ 0.04973182 -0.01843087 -0.0322389 ],[ 0.08896597 -0.07782337  0.9929898 ],True,[ 0.04804192 -0.08121111 -0.0341444 ],[ 0.08982902 -0.03066991  0.9954848 ],False,0.0,False,0.0,False,0.0,False
127258092163,"[[-0.09232044 -0.99570686  0.00671656  0.        ]
 [-0.99499315  0.09250909  0.03782702  0.        ]
 [-0.03828596 -0.00319073 -0.9992621   0.        ]
 [ 0.11010773  0.090497    0.00372101  1.        ]]",True,True,[ 0.04889709 -0.05008139 -0.03321087],[ 0.08988508 -0.05479726  0.9944436 ],True,[ 0.04973307 -0.01842948 -0.03224012],[ 0.08951353 -0.07828756  0.992904  ],True,[ 0.0480422  -0.0812     -0.03413708],[ 0.09018084 -0.02981325  0.9954791 ],False,0.0,False,0.0,False,0.0,False
127258203277,"[[-0.09274125 -0.9956606   0.00767973  0.        ]
 [-0.9949663   0.09296513  0.03740973  0.        ]
 [-0.03796134 -0.00417164 -0.99927044  0.        ]
 [ 0.1103914   0.0904183   0.00339828  1.        ]]",True,True,[ 0.04889731 -0.04994136 -0.0332044 ],[ 0.08944485 -0.05445335  0.9945022 ],True,[ 0.04972587 -0.01842106 -0.03225182],[ 0.08931454 -0.07777078  0.99296266],True,[ 0.04804339 -0.08119716 -0.03413335],[ 0.0900581  -0.02988715  0.99548787],False,0.0,False,0.0,False,0.0,False
127258425509,"[[-0.09412384 -0.9955129   0.00971986  0.        ]
 [-0.9948645   0.09441882  0.03646041  0.        ]
 [-0.03721455 -0.00623815 -0.9992876   0.        ]
 [ 0.11108217  0.09024116  0.0028059   1.        ]]",True,True,[ 0.04888647 -0.05005508 -0.03320467],[ 0.08779639 -0.05157728  0.99480236],True,[ 0.04971199 -0.0183949  -0.03227398],[ 0.08749369 -0.07443684  0.99338007],True,[ 0.04803498 -0.0811877  -0.03412844],[ 0.08816058 -0.02856079  0.99569666],False,0.0,False,0.0,False,0.0,False
