Timestamp,Pose,Calibration_Valid,Combined_Eye_Gaze_Valid,Combined_Eye_Gaze_Origin,Combined_Eye_Gaze_Direction,Left_Eye_Gaze_Valid,Left_Eye_Gaze_Origin,Left_Eye_Gaze_Direction,Right_Eye_Gaze_Valid,Right_Eye_Gaze_Origin,Right_Eye_Gaze_Direction,Left_Eye_Openness_Valid,Left_Eye_Openness,Right_Eye_Openness_Valid,Right_Eye_Openness,Vergence_Distance_Valid,Vergence_Distance,Target
33605187976,"[[-0.08700454 -0.9951001  -0.04696347  0.        ]
 [-0.886887    0.05590045  0.45859158  0.        ]
 [-0.45371938  0.08155094 -0.8874049   0.        ]
 [-0.03652489  0.11510914 -0.38224137  1.        ]]",True,True,[ 0.04094671 -0.05298949 -0.03765196],[0.13222045 0.11519324 0.9845041 ],True,[ 0.04052605 -0.01634361 -0.03790289],[0.13521942 0.10235411 0.9855148 ],True,[ 0.04130744 -0.07649528 -0.03744255],[0.13396    0.13423239 0.98185354],False,0.0,False,0.0,False,0.0,False
33605354495,"[[-0.08700454 -0.9951001  -0.04696347  0.        ]
 [-0.886887    0.05590045  0.45859158  0.        ]
 [-0.45371938  0.08155094 -0.8874049   0.        ]
 [-0.03652489  0.11510914 -0.38224137  1.        ]]",False,False,[ 0.04094671 -0.05298949 -0.03765196],[0.13222045 0.11519324 0.9845041 ],False,[ 0.04052605 -0.01634361 -0.03790289],[0.13521942 0.10235411 0.9855148 ],False,[ 0.04130744 -0.07649528 -0.03744255],[0.13396    0.13423239 0.98185354],False,0.0,False,0.0,False,0.0,False
33605470157,"[[-0.08700454 -0.9951001  -0.04696347  0.        ]
 [-0.886887    0.05590045  0.45859158  0.        ]
 [-0.45371938  0.08155094 -0.8874049   0.        ]
 [-0.03652489  0.11510914 -0.38224137  1.        ]]",False,False,[ 0.04094671 -0.05298949 -0.03765196],[0.13222045 0.11519324 0.9845041 ],False,[ 0.04052605 -0.01634361 -0.03790289],[0.13521942 0.10235411 0.9855148 ],False,[ 0.04130744 -0.07649528 -0.03744255],[0.13396    0.13423239 0.98185354],False,0.0,False,0.0,False,0.0,False
33605645919,"[[-0.08110476 -0.9955793  -0.04736887  0.        ]
 [-0.8961994   0.05204594  0.44058812  0.        ]
 [-0.43617505  0.07818574 -0.89645875  0.        ]
 [-0.03758647  0.11563911 -0.37522292  1.        ]]",True,False,[ 0.04094671 -0.05298949 -0.03765196],[0.13222045 0.11519324 0.9845041 ],False,[ 0.04052605 -0.01634361 -0.03790289],[0.13521942 0.10235411 0.9855148 ],False,[ 0.04130744 -0.07649528 -0.03744255],[0.13396    0.13423239 0.98185354],False,0.0,False,0.0,False,0.0,False
33605645919,"[[-0.08110476 -0.9955793  -0.04736887  0.        ]
 [-0.8961994   0.05204594  0.44058812  0.        ]
 [-0.43617505  0.07818574 -0.89645875  0.        ]
 [-0.03758647  0.11563911 -0.37522292  1.        ]]",True,False,[ 0.04094671 -0.05298949 -0.03765196],[0.13222045 0.11519324 0.9845041 ],False,[ 0.04052605 -0.01634361 -0.03790289],[0.13521942 0.10235411 0.9855148 ],False,[ 0.04130744 -0.07649528 -0.03744255],[0.13396    0.13423239 0.98185354],False,0.0,False,0.0,False,0.0,False
33605799487,"[[-0.07848501 -0.9958338  -0.04642241  0.        ]
 [-0.9001735   0.05078131  0.4325609   0.        ]
 [-0.4284014   0.0757378  -0.90040874  0.        ]
 [-0.03798534  0.11570532 -0.37288335  1.        ]]",True,False,[ 0.04094671 -0.05298949 -0.03765196],[0.13222045 0.11519324 0.9845041 ],False,[ 0.04052605 -0.01634361 -0.03790289],[0.13521942 0.10235411 0.9855148 ],False,[ 0.04130744 -0.07649528 -0.03744255],[0.13396    0.13423239 0.98185354],False,0.0,False,0.0,False,0.0,False
33605906276,"[[-0.07645965 -0.9960319  -0.04555205  0.        ]
 [-0.9033805   0.04986757  0.4259311   0.        ]
 [-0.42196926  0.07371727 -0.90360856  0.        ]
 [-0.03829974  0.11580655 -0.37120983  1.        ]]",True,False,[ 0.04094671 -0.05298949 -0.03765196],[0.13222045 0.11519324 0.9845041 ],False,[ 0.04052605 -0.01634361 -0.03790289],[0.13521942 0.10235411 0.9855148 ],False,[ 0.04130744 -0.07649528 -0.03744255],[0.13396    0.13423239 0.98185354],False,0.0,False,0.0,False,0.0,False
33606017016,"[[-0.0741272  -0.99625623 -0.04448438  0.        ]
 [-0.9071499   0.0488342   0.41796458  0.        ]
 [-0.41422743  0.07133648 -0.9073738   0.        ]
 [-0.03855883  0.11582479 -0.3696742   1.        ]]",True,False,[ 0.04094671 -0.05298949 -0.03765196],[0.13222045 0.11519324 0.9845041 ],False,[ 0.04052605 -0.01634361 -0.03790289],[0.13521942 0.10235411 0.9855148 ],False,[ 0.04130744 -0.07649528 -0.03744255],[0.13396    0.13423239 0.98185354],False,0.0,False,0.0,False,0.0,False
33606128129,"[[-0.07151377 -0.9965027  -0.04322542  0.        ]
 [-0.9113663   0.04766995  0.4088267   0.        ]
 [-0.40533632  0.06863083 -0.9115881   0.        ]
 [-0.03881706  0.11589555 -0.36805207  1.        ]]",True,False,[ 0.04094671 -0.05298949 -0.03765196],[0.13222045 0.11519324 0.9845041 ],False,[ 0.04052605 -0.01634361 -0.03790289],[0.13521942 0.10235411 0.9855148 ],False,[ 0.04130744 -0.07649528 -0.03744255],[0.13396    0.13423239 0.98185354],False,0.0,False,0.0,False,0.0,False
33606239243,"[[-0.06867206 -0.99676657 -0.04172286  0.        ]
 [-0.9159603   0.04642105  0.39857492  0.        ]
 [-0.3953493   0.0655874  -0.91618645  0.        ]
 [-0.03903097  0.11594489 -0.36649522  1.        ]]",True,False,[ 0.04094671 -0.05298949 -0.03765196],[0.13222045 0.11519324 0.9845041 ],False,[ 0.04052605 -0.01634361 -0.03790289],[0.13521942 0.10235411 0.9855148 ],False,[ 0.04130744 -0.07649528 -0.03744255],[0.13396    0.13423239 0.98185354],False,0.0,False,0.0,False,0.0,False
33606350355,"[[-0.06564963 -0.997045   -0.03989282  0.        ]
 [-0.92090315  0.04514503  0.3871684   0.        ]
 [-0.38422337  0.06215486 -0.9211457   0.        ]
 [-0.03911573  0.11587919 -0.3651699   1.        ]]",True,False,[ 0.04094671 -0.05298949 -0.03765196],[0.13222045 0.11519324 0.9845041 ],False,[ 0.04052605 -0.01634361 -0.03790289],[0.13521942 0.10235411 0.9855148 ],False,[ 0.04130744 -0.07649528 -0.03744255],[0.13396    0.13423239 0.98185354],False,0.0,False,0.0,False,0.0,False
33606461468,"[[-0.06248987 -0.997331   -0.03776281  0.        ]
 [-0.9261534   0.04384661  0.37458974  0.        ]
 [-0.37193418  0.05838221 -0.9264214   0.        ]
 [-0.03920452  0.11589333 -0.36376163  1.        ]]",True,False,[ 0.04094671 -0.05298949 -0.03765196],[0.13222045 0.11519324 0.9845041 ],False,[ 0.04052605 -0.01634361 -0.03790289],[0.13521942 0.10235411 0.9855148 ],False,[ 0.04130744 -0.07649528 -0.03744255],[0.13396    0.13423239 0.98185354],False,0.0,False,0.0,False,0.0,False
33606683695,"[[-0.05625284 -0.99787915 -0.03276105  0.        ]
 [-0.9372852   0.0414744   0.34608775  0.        ]
 [-0.34399492  0.0501748  -0.9376303   0.        ]
 [-0.03910787  0.11582142 -0.36128515  1.        ]]",True,False,[ 0.04094671 -0.05298949 -0.03765196],[0.13222045 0.11519324 0.9845041 ],False,[ 0.04052605 -0.01634361 -0.03790289],[0.13521942 0.10235411 0.9855148 ],False,[ 0.04130744 -0.07649528 -0.03744255],[0.13396    0.13423239 0.98185354],False,0.0,False,0.0,False,0.0,False
33606794807,"[[-0.05324423 -0.9981313  -0.02997562  0.        ]
 [-0.9429747   0.04037976  0.33040544  0.        ]
 [-0.3285777   0.04585853 -0.9433625   0.        ]
 [-0.03900139  0.11582828 -0.36006114  1.        ]]",True,False,[ 0.04094671 -0.05298949 -0.03765196],[0.13222045 0.11519324 0.9845041 ],False,[ 0.04052605 -0.01634361 -0.03790289],[0.13521942 0.10235411 0.9855148 ],False,[ 0.04130744 -0.07649528 -0.03744255],[0.13396    0.13423239 0.98185354],False,0.0,False,0.0,False,0.0,False
33606905921,"[[-0.05032122 -0.99836516 -0.02710158  0.        ]
 [-0.94862807  0.03929222  0.31394386  0.        ]
 [-0.31236577  0.04150741 -0.9490545   0.        ]
 [-0.03885165  0.11581674 -0.35887527  1.        ]]",True,False,[ 0.04094671 -0.05298949 -0.03765196],[0.13222045 0.11519324 0.9845041 ],False,[ 0.04052605 -0.01634361 -0.03790289],[0.13521942 0.10235411 0.9855148 ],False,[ 0.04130744 -0.07649528 -0.03744255],[0.13396    0.13423239 0.98185354],False,0.0,False,0.0,False,0.0,False
33607017034,"[[-0.04738307 -0.998587   -0.02404907  0.        ]
 [-0.9541495   0.03812474  0.29689208  0.        ]
 [-0.29555577  0.03701413 -0.9546077   0.        ]
 [-0.03864789  0.11570135 -0.35781115  1.        ]]",True,False,[ 0.04094671 -0.05298949 -0.03765196],[0.13222045 0.11519324 0.9845041 ],False,[ 0.04052605 -0.01634361 -0.03790289],[0.13521942 0.10235411 0.9855148 ],False,[ 0.04130744 -0.07649528 -0.03744255],[0.13396    0.13423239 0.98185354],False,0.0,False,0.0,False,0.0,False
33607128147,"[[-0.04436362 -0.9987973  -0.02087545  0.        ]
 [-0.9594345   0.03677309  0.27952284  0.        ]
 [-0.278419    0.03242929 -0.95991206  0.        ]
 [-0.03845268  0.11562543 -0.35664707  1.        ]]",True,False,[ 0.04094671 -0.05298949 -0.03765196],[0.13222045 0.11519324 0.9845041 ],False,[ 0.04052605 -0.01634361 -0.03790289],[0.13521942 0.10235411 0.9855148 ],False,[ 0.04130744 -0.07649528 -0.03744255],[0.13396    0.13423239 0.98185354],False,0.0,False,0.0,False,0.0,False
33607239260,"[[-0.04132605 -0.99898595 -0.01785521  0.        ]
 [-0.9644335   0.03521484  0.2619686   0.        ]
 [-0.26107424  0.02804635 -0.96491075  0.        ]
 [-0.03825404  0.11553399 -0.35547432  1.        ]]",True,False,[ 0.04094671 -0.05298949 -0.03765196],[0.13222045 0.11519324 0.9845041 ],False,[ 0.04052605 -0.01634361 -0.03790289],[0.13521942 0.10235411 0.9855148 ],False,[ 0.04130744 -0.07649528 -0.03744255],[0.13396    0.13423239 0.98185354],False,0.0,False,0.0,False,0.0,False
33607350372,"[[-0.03830421 -0.99915123 -0.01514998  0.        ]
 [-0.96911466  0.03344798  0.24433173  0.        ]
 [-0.24361762  0.02404101 -0.96957326  0.        ]
 [-0.03797366  0.11534691 -0.3543552   1.        ]]",True,False,[ 0.04094671 -0.05298949 -0.03765196],[0.13222045 0.11519324 0.9845041 ],False,[ 0.04052605 -0.01634361 -0.03790289],[0.13521942 0.10235411 0.9855148 ],False,[ 0.04130744 -0.07649528 -0.03744255],[0.13396    0.13423239 0.98185354],False,0.0,False,0.0,False,0.0,False
33607461487,"[[-0.03515327 -0.9993001  -0.01279393  0.        ]
 [-0.9734211   0.03133827  0.22686857  0.        ]
 [-0.22630882  0.02042905 -0.9738414   0.        ]
 [-0.03779155  0.11524128 -0.35313675  1.        ]]",True,False,[ 0.04094671 -0.05298949 -0.03765196],[0.13222045 0.11519324 0.9845041 ],False,[ 0.04052605 -0.01634361 -0.03790289],[0.13521942 0.10235411 0.9855148 ],False,[ 0.04130744 -0.07649528 -0.03744255],[0.13396    0.13423239 0.98185354],False,0.0,False,0.0,False,0.0,False
33607572600,"[[-0.03194296 -0.9994315  -0.01077796  0.        ]
 [-0.9773395   0.02897573  0.20968479  0.        ]
 [-0.20925331  0.01723168 -0.97770953  0.        ]
 [-0.03763582  0.11512652 -0.35188597  1.        ]]",True,False,[ 0.04094671 -0.05298949 -0.03765196],[0.13222045 0.11519324 0.9845041 ],False,[ 0.04052605 -0.01634361 -0.03790289],[0.13521942 0.10235411 0.9855148 ],False,[ 0.04130744 -0.07649528 -0.03744255],[0.13396    0.13423239 0.98185354],False,0.0,False,0.0,False,0.0,False
33607683713,"[[-0.02875745 -0.9995448  -0.0091112   0.        ]
 [-0.98086876  0.02646226  0.19286254  0.        ]
 [-0.19253367  0.01448314 -0.9811833   0.        ]
 [-0.03747289  0.11492117 -0.35064867  1.        ]]",True,False,[ 0.04094671 -0.05298949 -0.03765196],[0.13222045 0.11519324 0.9845041 ],False,[ 0.04052605 -0.01634361 -0.03790289],[0.13521942 0.10235411 0.9855148 ],False,[ 0.04130744 -0.07649528 -0.03744255],[0.13396    0.13423239 0.98185354],False,0.0,False,0.0,False,0.0,False
33607794827,"[[-0.02558732 -0.99964225 -0.00778486  0.        ]
 [-0.983991    0.02381134  0.17661974  0.        ]
 [-0.17637119  0.01217948 -0.9842484   0.        ]
 [-0.0373846   0.11478691 -0.3493241   1.        ]]",True,False,[ 0.04094671 -0.05298949 -0.03765196],[0.13222045 0.11519324 0.9845041 ],False,[ 0.04052605 -0.01634361 -0.03790289],[0.13521942 0.10235411 0.9855148 ],False,[ 0.04130744 -0.07649528 -0.03744255],[0.13396    0.13423239 0.98185354],False,0.0,False,0.0,False,0.0,False
33607905939,"[[-0.02254426 -0.9997234  -0.00669868  0.        ]
 [-0.98673207  0.0211727   0.1609703   0.        ]
 [-0.16078395  0.01023875 -0.98693657  0.        ]
 [-0.03733481  0.11464532 -0.3479649   1.        ]]",True,False,[ 0.04094671 -0.05298949 -0.03765196],[0.13222045 0.11519324 0.9845041 ],False,[ 0.04052605 -0.01634361 -0.03790289],[0.13521942 0.10235411 0.9855148 ],False,[ 0.04130744 -0.07649528 -0.03744255],[0.13396    0.13423239 0.98185354],False,0.0,False,0.0,False,0.0,False
33608017052,"[[-0.01972485 -0.99978846 -0.00580769  0.        ]
 [-0.98912174  0.01866722  0.14590886  0.        ]
 [-0.1457696   0.00862258 -0.9892807   0.        ]
 [-0.03733195  0.11444439 -0.34662026  1.        ]]",True,False,[ 0.04094671 -0.05298949 -0.03765196],[0.13222045 0.11519324 0.9845041 ],True,[ 0.03999438 -0.01857404 -0.03773982],[ 0.06494442 -0.18349591  0.98087287],False,[ 0.04130744 -0.07649528 -0.03744255],[0.13396    0.13423239 0.98185354],False,0.0,False,0.0,False,0.0,False
33608128164,"[[-0.01712346 -0.99983996 -0.00516398  0.        ]
 [-0.9911619   0.01629514  0.1316525   0.        ]
 [-0.1315473   0.0073727  -0.9912822   0.        ]
 [-0.03736782  0.11430588 -0.34520343  1.        ]]",True,False,[ 0.04094671 -0.05298949 -0.03765196],[0.13222045 0.11519324 0.9845041 ],True,[ 0.04004008 -0.01849015 -0.03762437],[ 0.05843677 -0.16923091  0.98384255],False,[ 0.04130744 -0.07649528 -0.03744255],[0.13396    0.13423239 0.98185354],False,0.0,False,0.0,False,0.0,False
33608239278,"[[-0.01483083 -0.999879   -0.00470404  0.        ]
 [-0.9928919   0.01417118  0.11817304  0.        ]
 [-0.11809207  0.0064232  -0.9929819   0.        ]
 [-0.03745548  0.11416848 -0.3437636   1.        ]]",True,False,[ 0.04094671 -0.05298949 -0.03765196],[0.13222045 0.11519324 0.9845041 ],True,[ 0.04005461 -0.01836962 -0.03760348],[ 0.06384925 -0.15478994  0.985882  ],True,[ 0.04062247 -0.07859091 -0.03786896],[ 0.06381453 -0.13286555  0.9890776 ],False,0.0,False,0.0,False,0.0,False
33608350390,"[[-0.0128932  -0.9999076  -0.00431008  0.        ]
 [-0.994349    0.01236701  0.10543804  0.        ]
 [-0.10537499  0.00564515 -0.9944165   0.        ]
 [-0.03769484  0.11399209 -0.3423232   1.        ]]",True,False,[ 0.04094671 -0.05298949 -0.03765196],[0.13222045 0.11519324 0.9845041 ],True,[ 0.04002213 -0.01820656 -0.03768991],[ 0.05825442 -0.14156124  0.9882139 ],True,[ 0.04066793 -0.07847074 -0.03778822],[ 0.05766074 -0.12430527  0.9905673 ],False,0.0,False,0.0,False,0.0,False
33608461504,"[[-0.01127386 -0.99992913 -0.00381602  0.        ]
 [-0.9955453   0.010867    0.09365565  0.        ]
 [-0.09360755  0.00485488 -0.99559736  0.        ]
 [-0.03790012  0.11384187 -0.34085208  1.        ]]",True,False,[ 0.04094671 -0.05298949 -0.03765196],[0.13222045 0.11519324 0.9845041 ],True,[ 0.04004093 -0.01810574 -0.03767875],[ 0.05852451 -0.12892482  0.9899259 ],True,[ 0.04072359 -0.07830944 -0.03765078],[ 0.05814113 -0.10467659  0.9928053 ],False,0.0,False,0.0,False,0.0,False
33608572617,"[[-0.00998199 -0.9999449  -0.00324308  0.        ]
 [-0.99652505  0.00967944  0.08272934  0.        ]
 [-0.0826934   0.00405761 -0.9965668   0.        ]
 [-0.03816663  0.11370438 -0.33937138  1.        ]]",True,True,[ 0.04048605 -0.05648575 -0.037629  ],[ 0.06187407 -0.103643    0.9926882 ],True,[ 0.04005197 -0.01803955 -0.03760977],[ 0.06209024 -0.11964776  0.9908729 ],True,[ 0.04073165 -0.07823867 -0.03763989],[ 0.06174468 -0.09457554  0.9936011 ],False,0.0,False,0.0,False,0.0,False
33608683729,"[[-0.00903893 -0.9999551  -0.00285997  0.        ]
 [-0.997325    0.0088076   0.07256217  0.        ]
 [-0.07253373  0.00350821 -0.99735975  0.        ]
 [-0.03859676  0.11358158 -0.33787107  1.        ]]",True,True,[ 0.04042882 -0.05138358 -0.0376313 ],[ 0.06097984 -0.10154035  0.9929607 ],True,[ 0.04004695 -0.01792706 -0.03763051],[ 0.05931441 -0.10733628  0.99245185],True,[ 0.04073668 -0.0781695  -0.03763707],[ 0.05931593 -0.08671161  0.9944661 ],False,0.0,False,0.0,False,0.0,False
33608794843,"[[-0.00832117 -0.9999615  -0.00275477  0.        ]
 [-0.9979633   0.00813043  0.06326863  0.        ]
 [-0.06324381  0.00327563 -0.9979925   0.        ]
 [-0.03898959  0.11352246 -0.33638301  1.        ]]",True,False,[ 0.04042882 -0.05138358 -0.0376313 ],[ 0.06097984 -0.10154035  0.9929607 ],True,[ 0.04005612 -0.01785479 -0.03762462],[ 0.05928697 -0.10099025  0.99311936],True,[ 0.04075415 -0.07808223 -0.03760305],[ 0.05881922 -0.07855113  0.9951734 ],False,0.0,False,0.0,False,0.0,False
33609017070,"[[-0.00710309 -0.99997133 -0.00265397  0.        ]
 [-0.99886733  0.00696999  0.04707123  0.        ]
 [-0.04705138  0.0029853  -0.99888825  0.        ]
 [-0.04028823  0.11359896 -0.33328778  1.        ]]",True,True,[ 0.04044873 -0.04971124 -0.03756288],[ 0.0574173  -0.07311863  0.9956692 ],True,[ 0.04008646 -0.01776308 -0.03753825],[ 0.05777185 -0.08734542  0.9945015 ],True,[ 0.04076904 -0.0779596  -0.03758467],[ 0.05709404 -0.06052693  0.99653226],False,0.0,False,0.0,False,0.0,False
33609128183,"[[-0.00656796 -0.9999745  -0.00282416  0.        ]
 [-0.99917436  0.00644922  0.04011456  0.        ]
 [-0.04009532  0.00308529 -0.9991913   0.        ]
 [-0.04089762  0.11363815 -0.33178955  1.        ]]",True,True,[ 0.04048572 -0.05231048 -0.03755876],[ 0.05810887 -0.07029694  0.9958321 ],True,[ 0.04008581 -0.01770078 -0.03756659],[ 0.05978089 -0.08120169  0.9949032 ],True,[ 0.04079265 -0.07790032 -0.03754726],[ 0.05914384 -0.05506991  0.9967294 ],False,0.0,False,0.0,False,0.0,False
33609239295,"[[-0.00596917 -0.9999774  -0.0030596   0.        ]
 [-0.99941     0.00586253  0.03383854  0.        ]
 [-0.03381985  0.00325978 -0.9994223   0.        ]
 [-0.04154024  0.11367553 -0.33030775  1.        ]]",True,True,[ 0.0405044  -0.05294895 -0.03754692],[ 0.05874162 -0.0659096   0.996095  ],True,[ 0.04009511 -0.01765247 -0.03758226],[ 0.06003646 -0.07578892  0.9953149 ],True,[ 0.04082994 -0.07782611 -0.03748515],[ 0.05971907 -0.04654495  0.9971295 ],False,0.0,False,0.0,False,0.0,False
33609350409,"[[-0.00525165 -0.9999811  -0.0031786   0.        ]
 [-0.9995907   0.00516009  0.02813858  0.        ]
 [-0.02812165  0.00332507 -0.999599    0.        ]
 [-0.04238574  0.11368947 -0.32875454  1.        ]]",True,True,[ 0.04052558 -0.0538021  -0.03753511],[ 0.05844304 -0.06016205  0.99647635],True,[ 0.04009888 -0.01760308 -0.03760505],[ 0.05812937 -0.07018071  0.9958392 ],True,[ 0.04085978 -0.07775913 -0.03744151],[ 0.05755284 -0.03906715  0.9975777 ],False,0.0,False,0.0,False,0.0,False
33609461522,"[[-0.0043844  -0.99998564 -0.00309733  0.        ]
 [-0.9997259   0.00431192  0.02301555  0.        ]
 [-0.02300186  0.00319738 -0.99973035  0.        ]
 [-0.04312481  0.11366098 -0.32730716  1.        ]]",True,True,[ 0.04054221 -0.0544355  -0.03753278],[ 0.05895645 -0.05571584  0.99670446],True,[ 0.04011548 -0.01757291 -0.03762126],[ 0.06023651 -0.06763766  0.99588996],True,[ 0.04086887 -0.07774612 -0.03747192],[ 0.05959462 -0.03857392  0.99747705],False,0.0,False,0.0,False,0.0,False
33609572634,"[[-0.00334978 -0.99999094 -0.00263408  0.        ]
 [-0.99982524  0.00330061  0.01840394  0.        ]
 [-0.01839508  0.00269527 -0.99982727  0.        ]
 [-0.04390326  0.11356804 -0.325884    1.        ]]",True,True,[ 0.04055494 -0.05471348 -0.03753136],[ 0.05928344 -0.0507904   0.9969482 ],True,[ 0.04014046 -0.01755717 -0.03760644],[ 0.06017743 -0.0630038   0.99619734],True,[ 0.0408867  -0.07771685 -0.03747822],[ 0.05951476 -0.03201628  0.99771386],False,0.0,False,0.0,False,0.0,False
33609683748,"[[-0.00231802 -0.9999961  -0.00154712  0.        ]
 [-0.999896    0.00229579  0.01424105  0.        ]
 [-0.01423744  0.00157997 -0.99989736  0.        ]
 [-0.04490448  0.11337945 -0.32442838  1.        ]]",True,True,[ 0.04056901 -0.05533564 -0.03753207],[ 0.05935258 -0.04556587  0.9971967 ],True,[ 0.0401356  -0.01752203 -0.03761544],[ 0.05948886 -0.05722027  0.9965877 ],True,[ 0.0408857  -0.07770599 -0.03750075],[ 0.05924587 -0.02901989  0.9978215 ],False,0.0,False,0.0,False,0.0,False
33609794862,"[[-1.46055222e-03 -9.99999046e-01  9.92137939e-05  0.00000000e+00]
 [-9.99943376e-01  1.46144629e-03  1.05486009e-02  0.00000000e+00]
 [-1.05487350e-02 -8.38008709e-05 -9.99944448e-01  0.00000000e+00]
 [-4.57513966e-02  1.13188356e-01 -3.23062688e-01  1.00000000e+00]]",True,True,[ 0.04057663 -0.05582706 -0.03753348],[ 0.05838045 -0.04032746  0.99747956],True,[ 0.04011299 -0.01749632 -0.03761609],[ 0.0567209  -0.05194975  0.99703753],True,[ 0.04085797 -0.07768933 -0.03751138],[ 0.05628397 -0.02447004  0.9981148 ],False,0.0,False,0.0,False,0.0,False
33609905975,"[[-7.60674477e-04 -9.99997973e-01  1.87105103e-03  0.00000000e+00]
 [-9.99974012e-01  7.74085522e-04  7.17351167e-03  0.00000000e+00]
 [-7.17494544e-03 -1.86554482e-03 -9.99972582e-01  0.00000000e+00]
 [-4.66176085e-02  1.12996854e-01 -3.21730793e-01  1.00000000e+00]]",True,True,[ 0.04058217 -0.05625976 -0.03753039],[ 0.05784567 -0.03636302  0.9976631 ],True,[ 0.04009496 -0.01748032 -0.0376106 ],[ 0.05711915 -0.05237285  0.99699277],True,[ 0.04085217 -0.07765545 -0.0374611 ],[ 0.05665674 -0.02285925  0.99813193],False,0.0,False,0.0,False,0.0,False
33610017088,"[[-1.4746189e-04 -9.9999356e-01  3.6038565e-03  0.0000000e+00]
 [-9.9999225e-01  1.6164780e-04  3.9493674e-03  0.0000000e+00]
 [-3.9499248e-03 -3.6032461e-03 -9.9998569e-01  0.0000000e+00]
 [-4.7638062e-02  1.1275293e-01 -3.2038882e-01  1.0000000e+00]]",True,True,[ 0.04058491 -0.05658055 -0.03752825],[ 0.05627962 -0.03319714  0.99786305],True,[ 0.04007347 -0.01745599 -0.03763264],[ 0.05373282 -0.0494464   0.99733037],True,[ 0.04084147 -0.07764666 -0.03745546],[ 0.05320925 -0.02188395  0.9983435 ],False,0.0,False,0.0,False,0.0,False
33610128201,"[[ 4.5424700e-04 -9.9998468e-01  5.5363025e-03  0.0000000e+00]
 [-9.9999958e-01 -4.4977665e-04  8.6411997e-04  0.0000000e+00]
 [-8.6161774e-04 -5.5366922e-03 -9.9998450e-01  0.0000000e+00]
 [-4.8518348e-02  1.1254202e-01 -3.1915581e-01  1.0000000e+00]]",True,True,[ 0.04059694 -0.05720847 -0.0375221 ],[ 0.05501802 -0.03001777  0.998034  ],True,[ 0.04006573 -0.01743773 -0.03763364],[ 0.05321832 -0.04578147  0.9975329 ],True,[ 0.04085134 -0.07761581 -0.03742721],[ 0.05259084 -0.01670432  0.99847645],False,0.0,False,0.0,False,0.0,False
33610239314,"[[ 9.66072083e-04 -9.99968708e-01  7.82389566e-03  0.00000000e+00]
 [-9.99997199e-01 -9.81926918e-04 -2.06752238e-03  0.00000000e+00]
 [ 2.07514153e-03 -7.82187842e-03 -9.99966860e-01  0.00000000e+00]
 [-4.94474135e-02  1.12281255e-01 -3.17976713e-01  1.00000000e+00]]",True,True,[ 0.04060131 -0.05724804 -0.03751482],[ 0.05336981 -0.02645374  0.9982243 ],True,[ 0.04007173 -0.01742822 -0.0376067 ],[ 0.05094463 -0.04287482  0.9977808 ],True,[ 0.04085732 -0.077585   -0.03740836],[ 0.0503329 -0.0113383  0.9986681],False,0.0,False,0.0,False,0.0,False
33610349874,"[[ 0.00127894 -0.99994475  0.01042922  0.        ]
 [-0.99998754 -0.00132906 -0.00480385  0.        ]
 [ 0.00481744 -0.01042295 -0.99993396  0.        ]
 [-0.05042989  0.1119718  -0.3168579   1.        ]]",True,True,[ 0.04059762 -0.05695325 -0.03751301],[ 0.0526183  -0.02393073  0.998328  ],True,[ 0.04006089 -0.01740691 -0.03761716],[ 0.05194557 -0.03961768  0.99786377],True,[ 0.04084964 -0.07757481 -0.03741827],[ 0.05135777 -0.00938914  0.9986361 ],False,0.0,False,0.0,False,0.0,False
33610461540,"[[ 0.00145096 -0.99990743  0.01352975  0.        ]
 [-0.9999718  -0.00155067 -0.0073546   0.        ]
 [ 0.0073749  -0.0135187  -0.9998815   0.        ]
 [-0.05136081  0.11165947 -0.31582975  1.        ]]",True,True,[ 0.04059067 -0.05675066 -0.03751208],[ 0.05070673 -0.02133557  0.9984857 ],True,[ 0.04004211 -0.01741803 -0.03758173],[ 0.04806414 -0.04015943  0.99803656],True,[ 0.04082009 -0.07756768 -0.03743275],[ 0.04730522 -0.00721233  0.9988544 ],False,0.0,False,0.0,False,0.0,False
33610572652,"[[ 0.00163895 -0.9998556   0.01691149  0.        ]
 [-0.9999512  -0.00180328 -0.00971162  0.        ]
 [ 0.00974071 -0.01689475 -0.99980974  0.        ]
 [-0.05233052  0.11133584 -0.31485814  1.        ]]",True,True,[ 0.04057978 -0.0566308  -0.03750549],[ 0.04753893 -0.01759127  0.99871457],True,[ 0.03999637 -0.0173824  -0.03758448],[ 0.04252154 -0.03442033  0.9985025 ],True,[ 0.0407854  -0.07754397 -0.03738561],[ 0.04210075 -0.00262071  0.99911   ],False,0.0,False,0.0,False,0.0,False
33610684552,"[[ 0.00192702 -0.99979734  0.0200399   0.        ]
 [-0.99992526 -0.00216854 -0.01203473  0.        ]
 [ 0.01207575 -0.02001521 -0.9997268   0.        ]
 [-0.05334784  0.11102538 -0.31393644  1.        ]]",True,True,[ 0.04056275 -0.05646026 -0.03749731],[ 0.04393978 -0.01477312  0.998925  ],True,[ 0.03996364 -0.01737616 -0.03757333],[ 0.0383483  -0.03436588  0.9986734 ],True,[ 0.04075086 -0.07751542 -0.03736079],[3.7972521e-02 9.5668456e-06 9.9927884e-01],False,0.0,False,0.0,False,0.0,False
33610838393,"[[ 0.00250077 -0.99971175  0.02387187  0.        ]
 [-0.9998828  -0.00285983 -0.01503059  0.        ]
 [ 0.01509453 -0.02383149 -0.99960184  0.        ]
 [-0.05466523  0.1106497  -0.3128351   1.        ]]",True,True,[ 0.04054013 -0.0559367  -0.03749187],[ 0.04056021 -0.01229901  0.9991014 ],True,[ 0.039945   -0.01733624 -0.03762853],[ 0.03568933 -0.03042648  0.99889964],True,[ 0.04073994 -0.07749751 -0.03738671],[3.5274807e-02 8.5784413e-04 9.9937731e-01],False,0.0,False,0.0,False,0.0,False
33610945331,"[[ 0.0029397  -0.99963015  0.02702488  0.        ]
 [-0.9998509  -0.00339699 -0.0169114   0.        ]
 [ 0.01699696 -0.02697114 -0.9994912   0.        ]
 [-0.055605    0.11032313 -0.3121459   1.        ]]",True,True,[ 0.04051596 -0.05506652 -0.03748687],[ 0.03653392 -0.01116284  0.9992701 ],True,[ 0.03995408 -0.01735025 -0.03761066],[ 0.03070859 -0.03237995  0.99900377],True,[ 0.04074011 -0.07747942 -0.03739842],[0.03026867 0.00299634 0.9995373 ],False,0.0,False,0.0,False,0.0,False
33611055927,"[[ 0.00343317 -0.9995122   0.03104061  0.        ]
 [-0.9998164  -0.00401592 -0.01873267  0.        ]
 [ 0.01884819 -0.0309706  -0.99934244  0.        ]
 [-0.0566274   0.10988338 -0.311498    1.        ]]",True,True,[ 0.04049391 -0.05439979 -0.03748517],[ 0.0333713  -0.00928499  0.99939996],True,[ 0.03993035 -0.01733154 -0.03764334],[ 0.02931879 -0.03091663  0.99909186],True,[ 0.04073095 -0.07745508 -0.03738315],[0.02913712 0.00512947 0.9995623 ],False,0.0,False,0.0,False,0.0,False
33611167039,"[[ 0.00412345 -0.99934906  0.03582943  0.        ]
 [-0.9997807  -0.00485432 -0.02035317  0.        ]
 [ 0.02051387 -0.03573767 -0.99915004  0.        ]
 [-0.05758328  0.10936902 -0.3109594   1.        ]]",True,True,[ 0.0402654  -0.04485416 -0.0375881 ],[ 0.01847913 -0.01299724  0.99974483],True,[ 0.03989822 -0.01729643 -0.03769621],[ 0.01883062 -0.02727386  0.99945056],True,[ 0.04069988 -0.07746337 -0.03746019],[0.01805838 0.00389983 0.9998294 ],False,0.0,False,0.0,False,0.0,False
33611278153,"[[ 0.00504601 -0.999125    0.04152175  0.        ]
 [-0.99974406 -0.00595689 -0.02183292  0.        ]
 [ 0.02206114 -0.04140094 -0.99889946  0.        ]
 [-0.05861836  0.10867785 -0.31048766  1.        ]]",True,True,[ 0.04047208 -0.0416504  -0.03770372],[ 0.05444926 -0.00365766  0.9985098 ],True,[ 0.04016221 -0.01727351 -0.03778639],[ 0.05461236 -0.019937    0.99830866],True,[ 0.04092598 -0.0773587  -0.03758265],[0.05418434 0.02019082 0.9983268 ],False,0.0,False,0.0,False,0.0,False
33611389266,"[[ 0.00637418 -0.9987946   0.04866866  0.        ]
 [-0.9997069  -0.00750136 -0.02301619  0.        ]
 [ 0.02335353 -0.04850769 -0.9985497   0.        ]
 [-0.05960913  0.1078359  -0.31013623  1.        ]]",True,True,[ 0.04090165 -0.04179711 -0.03787194],[0.11554754 0.01347933 0.99321055],True,[ 0.04059539 -0.01725414 -0.0379729 ],[ 0.11557054 -0.01472392  0.9931901 ],True,[ 0.0413419  -0.07707992 -0.03772681],[0.11535348 0.0540055  0.99185526],False,0.0,False,0.0,False,0.0,False
33611500378,"[[ 0.00799811 -0.998295    0.05781904  0.        ]
 [-0.9996732  -0.00938606 -0.02377484  0.        ]
 [ 0.024277   -0.05760999 -0.9980439   0.        ]
 [-0.06063096  0.10675271 -0.3098871   1.        ]]",True,True,[ 0.04137376 -0.04437555 -0.03801944],[0.17762502 0.01748767 0.9839429 ],True,[ 0.04104686 -0.01727374 -0.03810781],[ 0.17773795 -0.02243049  0.9838221 ],True,[ 0.04176619 -0.0769104  -0.03791336],[0.17711551 0.06537139 0.98201656],False,0.0,False,0.0,False,0.0,False
33611611491,"[[ 0.00974214 -0.997568    0.06901626  0.        ]
 [-0.9996427  -0.01143396 -0.02415931  0.        ]
 [ 0.02488968 -0.06875623 -0.99732304  0.        ]
 [-0.06175118  0.10540523 -0.30971968  1.        ]]",True,False,[ 0.04137376 -0.04437555 -0.03801944],[0.17762502 0.01748767 0.9839429 ],True,[ 0.04147768 -0.0171515  -0.03837984],[ 0.24547912 -0.00499749  0.9693891 ],True,[ 0.0421842  -0.07680731 -0.03812914],[0.24412829 0.08040178 0.9664041 ],False,0.0,False,0.0,False,0.0,False
33611722604,"[[ 0.01161551 -0.99655205  0.08215468  0.        ]
 [-0.9996167  -0.01363838 -0.02410098  0.        ]
 [ 0.02513832 -0.08184321 -0.9963285   0.        ]
 [-0.06281675  0.10389318 -0.30968314  1.        ]]",True,False,[ 0.04137376 -0.04437555 -0.03801944],[0.17762502 0.01748767 0.9839429 ],True,[ 0.04188747 -0.01725443 -0.03845851],[ 0.31551346 -0.01029106  0.94886523],True,[ 0.04258372 -0.07679708 -0.03831543],[0.3132781  0.086741   0.94569165],False,0.0,False,0.0,False,0.0,False
33611833717,"[[ 0.01357317 -0.9952361   0.09654477  0.        ]
 [-0.99959177 -0.01593316 -0.02371619  0.        ]
 [ 0.02514147 -0.09618346 -0.995046    0.        ]
 [-0.0638824   0.10227112 -0.3097422   1.        ]]",True,False,[ 0.04137376 -0.04437555 -0.03801944],[0.17762502 0.01748767 0.9839429 ],True,[ 0.04215017 -0.01699003 -0.03908644],[ 0.3692829  -0.00352284  0.9293104 ],True,[ 0.04298046 -0.07657269 -0.03821008],[0.36720148 0.0873224  0.9260334 ],False,0.0,False,0.0,False,0.0,False
33611944830,"[[ 0.01562923 -0.99368185  0.11114117  0.        ]
 [-0.999566   -0.01830423 -0.02308744  0.        ]
 [ 0.02497592 -0.11073208 -0.9935366   0.        ]
 [-0.06499384  0.1005825  -0.30984294  1.        ]]",True,False,[ 0.04137376 -0.04437555 -0.03801944],[0.17762502 0.01748767 0.9839429 ],True,[ 0.04251636 -0.01708176 -0.03912098],[ 0.4365459  -0.02844329  0.89923215],True,[ 0.04327435 -0.076476   -0.03839977],[0.43328428 0.08198702 0.89752036],False,0.0,False,0.0,False,0.0,False
33612167056,"[[ 0.01992172 -0.990014    0.13955387  0.        ]
 [-0.999507   -0.0231086  -0.02125343  0.        ]
 [ 0.0242661  -0.13906167 -0.9899864   0.        ]
 [-0.06701655  0.09727927 -0.31029317  1.        ]]",True,False,[ 0.04137376 -0.04437555 -0.03801944],[0.17762502 0.01748767 0.9839429 ],False,[ 0.04251636 -0.01708176 -0.03912098],[ 0.4365459  -0.02844329  0.89923215],True,[ 0.04385928 -0.07624393 -0.03850786],[0.4975736  0.06779065 0.86476874],False,0.0,False,0.0,False,0.0,False
33612278170,"[[ 0.0220564  -0.9878881   0.15359166  0.        ]
 [-0.99947643 -0.02542496 -0.02000337  0.        ]
 [ 0.02366617 -0.15307006 -0.9879317   0.        ]
 [-0.06804358  0.09559825 -0.31052253  1.        ]]",True,False,[ 0.04137376 -0.04437555 -0.03801944],[0.17762502 0.01748767 0.9839429 ],False,[ 0.04251636 -0.01708176 -0.03912098],[ 0.4365459  -0.02844329  0.89923215],True,[ 0.04408405 -0.07611241 -0.03857602],[0.53684527 0.08890895 0.83898306],False,0.0,False,0.0,False,0.0,False
33612389283,"[[ 0.02412623 -0.9856397   0.16712867  0.        ]
 [-0.9994452  -0.027619   -0.01860761  0.        ]
 [ 0.02295636 -0.16658702 -0.98575926  0.        ]
 [-0.06898278  0.09397822 -0.31082037  1.        ]]",True,False,[ 0.04137376 -0.04437555 -0.03801944],[0.17762502 0.01748767 0.9839429 ],True,[ 0.04351585 -0.01814202 -0.03829816],[ 0.55512494 -0.16489896  0.8152574 ],True,[ 0.04421622 -0.07617883 -0.03876149],[0.5591464  0.08761744 0.8244261 ],False,0.0,False,0.0,False,0.0,False
33612500396,"[[ 0.02620983 -0.9833      0.18009433  0.        ]
 [-0.9994122  -0.02975655 -0.01702028  0.        ]
 [ 0.02209502 -0.17954239 -0.9835019   0.        ]
 [-0.06989042  0.09240046 -0.3111254   1.        ]]",True,True,[ 0.04383341 -0.0405376  -0.03936103],[0.6031883 0.0431589 0.7964303],True,[ 0.04349788 -0.01720149 -0.03965006],[ 0.60450935 -0.01648778  0.7964273 ],True,[ 0.04434582 -0.07617607 -0.03891963],[0.59702474 0.13395357 0.7909602 ],False,0.0,False,0.0,False,0.0,False
33612611509,"[[ 0.02831328 -0.98090076  0.19243772  0.        ]
 [-0.9993757  -0.03184879 -0.01530132  0.        ]
 [ 0.02113795 -0.19188434 -0.9811902   0.        ]
 [-0.07079629  0.0908436  -0.31137988  1.        ]]",True,False,[ 0.04383341 -0.0405376  -0.03936103],[0.6031883 0.0431589 0.7964303],True,[ 0.04333785 -0.01683031 -0.04047009],[ 0.579152   -0.02176386  0.81492907],True,[ 0.04432947 -0.07638566 -0.03894923],[0.57500637 0.06604172 0.81547916],False,0.0,False,0.0,False,0.0,False
33612722621,"[[ 0.03037471 -0.978516    0.20392135  0.        ]
 [-0.9993348  -0.03384912 -0.01357134  0.        ]
 [ 0.02018236 -0.20337346 -0.97889316  0.        ]
 [-0.07162316  0.08935138 -0.31166688  1.        ]]",True,False,[ 0.04383341 -0.0405376  -0.03936103],[0.6031883 0.0431589 0.7964303],False,[ 0.04333785 -0.01683031 -0.04047009],[ 0.579152   -0.02176386  0.81492907],True,[ 0.04427866 -0.07646818 -0.03891576],[0.57324874 0.06321203 0.8169395 ],False,0.0,False,0.0,False,0.0,False
33612833735,"[[ 0.03231871 -0.976126    0.21478689  0.        ]
 [-0.99929255 -0.03569281 -0.0118482   0.        ]
 [ 0.01923168 -0.21425202 -0.97658896  0.        ]
 [-0.07239237  0.08786803 -0.31192258  1.        ]]",True,False,[ 0.04383341 -0.0405376  -0.03936103],[0.6031883 0.0431589 0.7964303],True,[ 0.04333458 -0.01710432 -0.03983004],[ 0.5809212  -0.03087309  0.8133741 ],True,[ 0.04425882 -0.07651461 -0.03892472],[0.57672864 0.07354923 0.8136183 ],False,0.0,False,0.0,False,0.0,False
33612944849,"[[ 0.03412968 -0.9736165   0.22562411  0.        ]
 [-0.99924946 -0.0373826  -0.01015878  0.        ]
 [ 0.01832514 -0.22510804 -0.9741616   0.        ]
 [-0.07313012  0.0863826  -0.312083    1.        ]]",True,False,[ 0.04383341 -0.0405376  -0.03936103],[0.6031883 0.0431589 0.7964303],False,[ 0.04333458 -0.01710432 -0.03983004],[ 0.5809212  -0.03087309  0.8133741 ],True,[ 0.04420199 -0.07650913 -0.03868569],[0.5565812  0.05688805 0.82884324],False,0.0,False,0.0,False,0.0,False
33613055962,"[[ 0.03575116 -0.9709543   0.23657991  0.        ]
 [-0.9992062  -0.03889525 -0.00863271  0.        ]
 [ 0.01758374 -0.23608345 -0.97157407  0.        ]
 [-0.07376471  0.08490881 -0.3122337   1.        ]]",True,True,[ 0.043988   -0.05854626 -0.03899444],[0.58620894 0.0471146  0.8087888 ],False,[ 0.04333458 -0.01710432 -0.03983004],[ 0.5809212  -0.03087309  0.8133741 ],True,[ 0.0441426  -0.0765549  -0.03862786],[0.55396545 0.05440386 0.83076024],False,0.0,False,0.0,False,0.0,False
33613167075,"[[ 0.03722948 -0.9683497   0.24680555  0.        ]
 [-0.99916303 -0.0402596  -0.00724071  0.        ]
 [ 0.01694784 -0.2463294  -0.969038    0.        ]
 [-0.07432324  0.08348063 -0.3123357   1.        ]]",True,True,[ 0.04404941 -0.07649919 -0.03841252],[0.5282908  0.05672973 0.84716624],False,[ 0.04333458 -0.01710432 -0.03983004],[ 0.5809212  -0.03087309  0.8133741 ],True,[ 0.0440494  -0.07649919 -0.03841252],[0.52829075 0.05672975 0.84716624],False,0.0,False,0.0,False,0.0,False
33613278188,"[[ 0.03855354 -0.9659095   0.25599274  0.        ]
 [-0.9991219  -0.04146576 -0.00598684  0.        ]
 [ 0.01639769 -0.25553715 -0.96666     0.        ]
 [-0.07481717  0.08212902 -0.31235647  1.        ]]",True,True,[ 0.04400222 -0.07654223 -0.03847098],[0.52739376 0.0564505  0.84774363],False,[ 0.04333458 -0.01710432 -0.03983004],[ 0.5809212  -0.03087309  0.8133741 ],True,[ 0.04395503 -0.07658526 -0.03852945],[0.5257262  0.05593184 0.84881306],False,0.0,False,0.0,False,0.0,False
33613500414,"[[ 0.04080951 -0.9612544   0.27262515  0.        ]
 [-0.99904424 -0.04353142 -0.00394057  0.        ]
 [ 0.01565564 -0.2722038  -0.9621122   0.        ]
 [-0.07558085  0.07962389 -0.31230256  1.        ]]",True,False,[ 0.04400222 -0.07654223 -0.03847098],[0.52739376 0.0564505  0.84774363],True,[ 0.04292778 -0.01709998 -0.03933542],[ 0.5138441  -0.02639044  0.85747766],True,[ 0.04380259 -0.07666285 -0.03853772],[0.50990534 0.06343345 0.8578886 ],False,0.0,False,0.0,False,0.0,False
33613611527,"[[ 0.04199326 -0.95927936  0.27931973  0.        ]
 [-0.9990005  -0.04459739 -0.00297233  0.        ]
 [ 0.01530826 -0.27891576 -0.9601934   0.        ]
 [-0.0758636   0.07853455 -0.31219167  1.        ]]",True,True,[ 0.04365365 -0.06648032 -0.03864057],[0.508272   0.05116294 0.8596756 ],True,[ 0.04286053 -0.01703572 -0.03930688],[ 0.5025919  -0.01261853  0.86443174],True,[ 0.04372019 -0.07670373 -0.03858706],[0.49857444 0.06606783 0.8643255 ],False,0.0,False,0.0,False,0.0,False
33613722641,"[[ 0.04325831 -0.9575449   0.2850195   0.        ]
 [-0.99895203 -0.04572225 -0.00199459  0.        ]
 [ 0.01494172 -0.28463453 -0.9585192   0.        ]
 [-0.07611402  0.07749064 -0.31207043  1.        ]]",True,True,[ 0.0433263  -0.05073642 -0.03885192],[0.49836215 0.03284528 0.86634654],True,[ 0.0428544  -0.01706061 -0.03924631],[ 0.5002595  -0.01409641  0.86576086],True,[ 0.04368997 -0.07668993 -0.03854797],[0.49614948 0.06897321 0.86549324],False,0.0,False,0.0,False,0.0,False
33613833752,"[[ 4.4579089e-02 -9.5589840e-01  2.9029438e-01  0.0000000e+00]
 [-9.9890113e-01 -4.6858191e-02 -9.0123713e-04  0.0000000e+00]
 [ 1.4464170e-02 -2.8993523e-01 -9.5693684e-01  0.0000000e+00]
 [-7.6325879e-02  7.6504141e-02 -3.1190485e-01  1.0000000e+00]]",True,True,[ 0.04350244 -0.06153135 -0.03842792],[0.49286687 0.01752114 0.86992824],True,[ 0.04297767 -0.01774471 -0.0383287 ],[ 0.49191654 -0.10142701  0.8647142 ],True,[ 0.04368397 -0.07667815 -0.03846225],[0.4915703 0.0586103 0.8688633],False,0.0,False,0.0,False,0.0,False
33613944866,"[[ 4.5840085e-02 -9.5433378e-01  2.9520440e-01  0.0000000e+00]
 [-9.9885297e-01 -4.7881126e-02  3.1439960e-04  0.0000000e+00]
 [ 1.3834700e-02 -2.9488021e-01 -9.5543396e-01  0.0000000e+00]
 [-7.6468140e-02  7.5618371e-02 -3.1168306e-01  1.0000000e+00]]",True,True,[ 0.04334688 -0.05580487 -0.03875916],[0.49095538 0.03941208 0.8702927 ],True,[ 0.04280684 -0.01711532 -0.03914082],[ 0.493233   -0.01602199  0.8697497 ],True,[ 0.04363887 -0.07672425 -0.03855281],[0.48909453 0.06933469 0.8694708 ],False,0.0,False,0.0,False,0.0,False
33614055980,"[[ 0.04692167 -0.9528711   0.2997253   0.        ]
 [-0.9988129  -0.04868662  0.00158174  0.        ]
 [ 0.01308541 -0.29944366 -0.95402455  0.        ]
 [-0.07662218  0.07473454 -0.3114658   1.        ]]",True,False,[ 0.04334688 -0.05580487 -0.03875916],[0.49095538 0.03941208 0.8702927 ],True,[ 0.04273032 -0.01702099 -0.03921078],[ 0.48193133 -0.00466272  0.8761966 ],True,[ 0.04360211 -0.07672237 -0.03848185],[0.47760263 0.07038853 0.8757518 ],False,0.0,False,0.0,False,0.0,False
33614167093,"[[ 0.04774702 -0.95148766  0.30395943  0.        ]
 [-0.9987849  -0.04919648  0.00289203  0.        ]
 [ 0.01220199 -0.30372816 -0.95268047  0.        ]
 [-0.07674912  0.07391051 -0.3112315   1.        ]]",True,True,[ 0.04336666 -0.05787574 -0.03857547],[0.48667344 0.03391358 0.8729254 ],True,[ 0.04281386 -0.01752386 -0.03852656],[ 0.4792091  -0.07387715  0.8745861 ],True,[ 0.04361228 -0.07667928 -0.03833864],[0.47717538 0.06212091 0.87660974],False,0.0,False,0.0,False,0.0,False
33614278207,"[[ 0.04831415 -0.9501309   0.30808637  0.        ]
 [-0.99876934 -0.04941654  0.00422803  0.        ]
 [ 0.01120737 -0.3079115  -0.95134914  0.        ]
 [-0.07682981  0.0731722  -0.3109731   1.        ]]",True,False,[ 0.04336666 -0.05787574 -0.03857547],[0.48667344 0.03391358 0.8729254 ],True,[ 0.0426998  -0.01709906 -0.03907002],[ 0.4785323  -0.02024245  0.8778366 ],True,[ 0.0435853  -0.07671338 -0.03838137],[0.47469825 0.0648294  0.8777577 ],False,0.0,False,0.0,False,0.0,False
33614389319,"[[ 0.04859555 -0.9487438   0.31228715  0.        ]
 [-0.99876714 -0.04932308  0.005573    0.        ]
 [ 0.01011564 -0.312173   -0.9499711   0.        ]
