Timestamp,Pose,Calibration_Valid,Combined_Eye_Gaze_Valid,Combined_Eye_Gaze_Origin,Combined_Eye_Gaze_Direction,Left_Eye_Gaze_Valid,Left_Eye_Gaze_Origin,Left_Eye_Gaze_Direction,Right_Eye_Gaze_Valid,Right_Eye_Gaze_Origin,Right_Eye_Gaze_Direction,Left_Eye_Openness_Valid,Left_Eye_Openness,Right_Eye_Openness_Valid,Right_Eye_Openness,Vergence_Distance_Valid,Vergence_Distance,Target
37997971032,"[[0. 0. 0. 0.]
 [0. 0. 0. 0.]
 [0. 0. 0. 0.]
 [0. 0. 0. 0.]]",False,False,[0. 0. 0.],[0. 0. 0.],False,[0. 0. 0.],[0. 0. 0.],False,[0. 0. 0.],[0. 0. 0.],False,0.0,False,0.0,False,0.0,False
37998184876,"[[ 0.1492719  -0.9878222   0.04387948  0.        ]
 [-0.58419085 -0.05230105  0.8099295   0.        ]
 [-0.79777133 -0.14653376 -0.5848837   0.        ]
 [-0.14243291  0.02939866  0.02650899  1.        ]]",True,False,[0. 0. 0.],[0. 0. 0.],False,[0. 0. 0.],[0. 0. 0.],False,[0. 0. 0.],[0. 0. 0.],False,0.0,False,0.0,False,0.0,False
37998184876,"[[ 0.1492719  -0.9878222   0.04387948  0.        ]
 [-0.58419085 -0.05230105  0.8099295   0.        ]
 [-0.79777133 -0.14653376 -0.5848837   0.        ]
 [-0.14243291  0.02939866  0.02650899  1.        ]]",True,False,[0. 0. 0.],[0. 0. 0.],False,[0. 0. 0.],[0. 0. 0.],False,[0. 0. 0.],[0. 0. 0.],False,0.0,False,0.0,False,0.0,False
37998338413,"[[ 0.15009052 -0.9876749   0.0443978   0.        ]
 [-0.584145   -0.05235958  0.80995876  0.        ]
 [-0.7976513  -0.14750189 -0.58480406  0.        ]
 [-0.14248963  0.02928048  0.02648807  1.        ]]",True,False,[0. 0. 0.],[0. 0. 0.],False,[0. 0. 0.],[0. 0. 0.],False,[0. 0. 0.],[0. 0. 0.],False,0.0,False,0.0,False,0.0,False
37998445224,"[[ 0.15053433 -0.9875886   0.0448145   0.        ]
 [-0.5841178  -0.05227971  0.80998355  0.        ]
 [-0.7975875  -0.14810735 -0.584738    0.        ]
 [-0.14253715  0.02923651  0.02648735  1.        ]]",True,False,[0. 0. 0.],[0. 0. 0.],False,[0. 0. 0.],[0. 0. 0.],False,[0. 0. 0.],[0. 0. 0.],False,0.0,False,0.0,False,0.0,False
37998555936,"[[ 0.15063977 -0.98756623  0.04495284  0.        ]
 [-0.5841007  -0.05222654  0.8099993   0.        ]
 [-0.7975801  -0.14827514 -0.5847056   0.        ]
 [-0.14259149  0.02923106  0.02648237  1.        ]]",True,False,[0. 0. 0.],[0. 0. 0.],False,[0. 0. 0.],[0. 0. 0.],False,[0. 0. 0.],[0. 0. 0.],False,0.0,False,0.0,False,0.0,False
37998667048,"[[ 0.15048337 -0.98759526  0.04483637  0.        ]
 [-0.58409125 -0.05222607  0.810006    0.        ]
 [-0.7976165  -0.14808097 -0.5847049   0.        ]
 [-0.14264426  0.02924854  0.02645248  1.        ]]",True,True,[ 0.04024456 -0.03268052 -0.03879755],[0.06756223 0.4813774  0.87390566],True,[ 0.03955252 -0.01308514 -0.03952198],[0.04618947 0.4703195  0.8812865 ],False,[0. 0. 0.],[0. 0. 0.],False,0.0,False,0.0,False,0.0,False
37998778160,"[[ 0.15021801 -0.9876466   0.04459971  0.        ]
 [-0.5840534  -0.05225396  0.8100318   0.        ]
 [-0.79769444 -0.14773005 -0.58468795  0.        ]
 [-0.14270289  0.029293    0.02644941  1.        ]]",True,True,[ 0.03955835 -0.0130585  -0.03955076],[0.04689919 0.4648836  0.8841288 ],True,[ 0.03955835 -0.0130585  -0.03955077],[0.04689919 0.46488366 0.8841288 ],False,[0. 0. 0.],[0. 0. 0.],False,0.0,False,0.0,False,0.0,False
37998889273,"[[ 0.14997196 -0.9876941   0.04437199  0.        ]
 [-0.5839774  -0.05227852  0.8100848   0.        ]
 [-0.79779625 -0.14740226 -0.5846313   0.        ]
 [-0.14276452  0.02933921  0.02645275  1.        ]]",True,False,[ 0.03955835 -0.0130585  -0.03955076],[0.04689919 0.4648836  0.8841288 ],True,[ 0.03961997 -0.01321603 -0.03933297],[0.04540478 0.46892413 0.8820706 ],True,[ 0.04078386 -0.0731512  -0.03775562],[0.04344877 0.5246228  0.85022527],False,0.0,False,0.0,False,0.0,False
37999000385,"[[ 0.1498087  -0.9877286   0.04415548  0.        ]
 [-0.58386135 -0.05233669  0.8101648   0.        ]
 [-0.79791194 -0.14715046 -0.584537    0.        ]
 [-0.14283587  0.02936529  0.02643043  1.        ]]",True,True,[ 0.04010995 -0.03831315 -0.03871295],[0.05158918 0.49479368 0.86747783],True,[ 0.03960446 -0.01315225 -0.03942097],[0.05242853 0.47471172 0.8785785 ],True,[ 0.0408099  -0.07315286 -0.03773258],[0.05038211 0.5221701  0.85135186],False,0.0,False,0.0,False,0.0,False
37999111497,"[[ 0.14975262 -0.98774743  0.04392198  0.        ]
 [-0.5836804  -0.05246103  0.810287    0.        ]
 [-0.7980547  -0.14697897 -0.5843849   0.        ]
 [-0.14290306  0.0293874   0.02644449  1.        ]]",True,True,[ 0.04008102 -0.03668864 -0.03875203],[0.05149522 0.4937347  0.86808646],True,[ 0.03961608 -0.01316733 -0.03940104],[0.05208329 0.47348133 0.8792626 ],True,[ 0.04081044 -0.0731508  -0.03773021],[0.04994046 0.5230596  0.8508316 ],False,0.0,False,0.0,False,0.0,False
37999222609,"[[ 0.14982235 -0.9877455   0.04372939  0.        ]
 [-0.58347154 -0.05262256  0.81042707  0.        ]
 [-0.7981945  -0.14693502 -0.5842054   0.        ]
 [-0.14296775  0.02939375  0.0264602   1.        ]]",True,True,[ 0.04002057 -0.03341116 -0.03883634],[0.05090559 0.48980668 0.8703436 ],True,[ 0.03963302 -0.01317756 -0.03938318],[0.05033756 0.47086585 0.8807675 ],True,[ 0.04080212 -0.07315302 -0.03772482],[0.04798744 0.52160686 0.8518353 ],False,0.0,False,0.0,False,0.0,False
37999333723,"[[ 0.15001911 -0.9877201   0.04362783  0.        ]
 [-0.58328587 -0.05278981  0.81054974  0.        ]
 [-0.7982931  -0.14704546 -0.58404255  0.        ]
 [-0.14302304  0.02937204  0.02645206  1.        ]]",True,True,[ 0.03999837 -0.03210709 -0.03886572],[0.05058694 0.48648372 0.872224  ],True,[ 0.03964081 -0.01319903 -0.0393681 ],[0.05064899 0.46733618 0.88262767],True,[ 0.04080424 -0.07315491 -0.03771191],[0.04821075 0.52031815 0.8526106 ],False,0.0,False,0.0,False,0.0,False
37999444834,"[[ 0.15034568 -0.9876712   0.0436106   0.        ]
 [-0.5831556  -0.05297613  0.81063145  0.        ]
 [-0.79832697 -0.1473068  -0.58393073  0.        ]
 [-0.1430749   0.02935811  0.02645075  1.        ]]",True,True,[ 0.03999068 -0.0317085  -0.0388653 ],[0.04975653 0.48520532 0.87298346],True,[ 0.03963105 -0.01322463 -0.03931127],[0.04886241 0.46748984 0.882647  ],True,[ 0.04079783 -0.07315315 -0.037723  ],[0.04680724 0.52383304 0.8505341 ],False,0.0,False,0.0,False,0.0,False
37999555945,"[[ 0.15058815 -0.9876362   0.04356584  0.        ]
 [-0.5830821  -0.05314481  0.81067324  0.        ]
 [-0.79833496 -0.14748025 -0.5838759   0.        ]
 [-0.143125    0.02936108  0.02644017  1.        ]]",True,True,[ 0.03997936 -0.03117353 -0.03887398],[0.04924844 0.48374635 0.8738215 ],True,[ 0.03962765 -0.01320925 -0.03932287],[0.04897465 0.46831134 0.8822051 ],True,[ 0.04078516 -0.07317146 -0.03773249],[0.04691769 0.52080375 0.85238624],False,0.0,False,0.0,False,0.0,False
37999667059,"[[ 0.150608   -0.98764277  0.04334882  0.        ]
 [-0.5830288  -0.05332494  0.8106997   0.        ]
 [-0.79837    -0.14737153 -0.5838554   0.        ]
 [-0.14319098  0.02935959  0.0264203   1.        ]]",True,True,[ 0.03997139 -0.03071058 -0.03888112],[0.04961963 0.48294592 0.87424314],True,[ 0.03964123 -0.01322175 -0.0393141 ],[0.05106804 0.4687004  0.88187987],True,[ 0.04079141 -0.07316229 -0.03772445],[0.04871995 0.5237152  0.85049915],False,0.0,False,0.0,False,0.0,False
37999778171,"[[ 0.15063322 -0.9876522   0.04304546  0.        ]
 [-0.5830085  -0.05358541  0.81069714  0.        ]
 [-0.79838014 -0.14721388 -0.5838814   0.        ]
 [-0.1432324   0.02937738  0.02639443  1.        ]]",True,True,[ 0.03997011 -0.0306162  -0.03887995],[0.04903493 0.4829863  0.8742539 ],True,[ 0.03963798 -0.01323164 -0.03931828],[0.048693   0.46779713 0.8824935 ],True,[ 0.04079615 -0.07315176 -0.03771866],[0.04651386 0.52513194 0.8497487 ],False,0.0,False,0.0,False,0.0,False
37999889283,"[[ 0.15085876 -0.9876264   0.04284891  0.        ]
 [-0.5830671  -0.05389309  0.8106346   0.        ]
 [-0.7982948  -0.14727524 -0.5839828   0.        ]
 [-0.14327063  0.02938688  0.02634063  1.        ]]",True,True,[ 0.03996759 -0.0304944  -0.03888199],[0.04883879 0.48447165 0.87344253],True,[ 0.03963204 -0.01320398 -0.03933227],[0.04923728 0.4735426  0.8793936 ],True,[ 0.04079089 -0.07316233 -0.03773768],[0.04711349 0.52646405 0.84889096],False,0.0,False,0.0,False,0.0,False
38000000395,"[[ 0.15105939 -0.9876049   0.04263455  0.        ]
 [-0.5831713  -0.05420852  0.81053853  0.        ]
 [-0.79818064 -0.14730272 -0.5841316   0.        ]
 [-0.14330424  0.02940324  0.0262832   1.        ]]",True,True,[ 0.03997041 -0.03066968 -0.03887676],[0.04825269 0.48500958 0.87317663],True,[ 0.03963066 -0.01320294 -0.03933213],[0.04804504 0.4703852  0.8811523 ],True,[ 0.04078036 -0.07317949 -0.03774958],[0.04588064 0.5212687  0.8521584 ],False,0.0,False,0.0,False,0.0,False
38000111507,"[[ 0.15103519 -0.98761934  0.04238629  0.        ]
 [-0.58331877 -0.054425    0.810418    0.        ]
 [-0.7980775  -0.1471264  -0.58431697  0.        ]
 [-0.14333531  0.02943922  0.02622336  1.        ]]",True,True,[ 0.03996886 -0.03055766 -0.038873  ],[0.04851106 0.48784435 0.87158173],True,[ 0.03963295 -0.01322342 -0.0393001 ],[0.05015809 0.47122973 0.8805832 ],True,[ 0.04078712 -0.07315889 -0.03773794],[0.04781236 0.5268609  0.84860563],False,0.0,False,0.0,False,0.0,False
38000222620,"[[ 0.15078902 -0.9876665   0.04216063  0.        ]
 [-0.5835136  -0.05449796  0.8102726   0.        ]
 [-0.79798144 -0.1467815  -0.5845345   0.        ]
 [-0.1433629   0.02947231  0.02615985  1.        ]]",True,True,[ 0.03995928 -0.03001479 -0.0388815 ],[0.04806235 0.48829204 0.8713557 ],True,[ 0.03963921 -0.01321128 -0.03930428],[0.04802673 0.47407869 0.87917167],True,[ 0.04079619 -0.07314812 -0.03774171],[0.04584156 0.5294732  0.8470871 ],False,0.0,False,0.0,False,0.0,False
38000333732,"[[ 0.1504898  -0.98772144  0.04194438  0.        ]
 [-0.5837463  -0.05453849  0.81010246  0.        ]
 [-0.79786795 -0.14639714 -0.5847862   0.        ]
 [-0.14338338  0.02950573  0.02608943  1.        ]]",True,True,[ 0.03996944 -0.03037856 -0.03886554],[0.04810564 0.48775104 0.87165636],True,[ 0.03966658 -0.01323439 -0.03928982],[0.04905175 0.47020572 0.88119274],True,[ 0.04082871 -0.07315348 -0.03774704],[0.04683468 0.5278213  0.84806323],False,0.0,False,0.0,False,0.0,False
38000555958,"[[ 0.15104353 -0.9876193   0.04235035  0.        ]
 [-0.58436763 -0.05465245  0.80964625  0.        ]
 [-0.7973079  -0.14703986 -0.5853876   0.        ]
 [-0.14339405  0.02935907  0.02591655  1.        ]]",True,True,[ 0.03999113 -0.03076492 -0.03885548],[0.0499067  0.49014324 0.870212  ],True,[ 0.03971447 -0.01320839 -0.03933042],[0.0536098  0.47608265 0.877765  ],True,[ 0.04086356 -0.07315067 -0.03778217],[0.05083082 0.53104705 0.84581643],False,0.0,False,0.0,False,0.0,False
38000667070,"[[ 0.15249407 -0.98734146  0.04361519  0.        ]
 [-0.5847177  -0.05455434  0.8094004   0.        ]
 [-0.7967752  -0.14893132 -0.5856352   0.        ]
 [-0.14338093  0.02918357  0.02582833  1.        ]]",True,True,[ 0.04001731 -0.03192046 -0.0388228 ],[0.04915418 0.49303415 0.86862034],True,[ 0.0396544  -0.01320342 -0.03929239],[0.04874086 0.47335324 0.8795232 ],True,[ 0.04083802 -0.07313877 -0.03772596],[0.04658413 0.52883744 0.84744376],False,0.0,False,0.0,False,0.0,False
38000778182,"[[ 0.15372354 -0.987094    0.04488477  0.        ]
 [-0.58505625 -0.05431855  0.8091717   0.        ]
 [-0.7962904  -0.15064889 -0.5858555   0.        ]
 [-0.14336412  0.02906963  0.02574354  1.        ]]",True,True,[ 0.04002665 -0.03258319 -0.03880049],[0.04942805 0.49345863 0.86836356],True,[ 0.03961923 -0.01323038 -0.03920576],[0.05089134 0.47372577 0.8792007 ],True,[ 0.04073653 -0.07316263 -0.03778703],[0.04845328 0.530157   0.8465138 ],False,0.0,False,0.0,False,0.0,False
38000778182,"[[ 0.15372354 -0.987094    0.04488477  0.        ]
 [-0.58505625 -0.05431855  0.8091717   0.        ]
 [-0.7962904  -0.15064889 -0.5858555   0.        ]
 [-0.14336412  0.02906963  0.02574354  1.        ]]",True,True,[ 0.04002665 -0.03258319 -0.03880049],[0.04942805 0.49345863 0.86836356],True,[ 0.03961923 -0.01323038 -0.03920576],[0.05089134 0.47372577 0.8792007 ],True,[ 0.04073653 -0.07316263 -0.03778703],[0.04845328 0.530157   0.8465138 ],False,0.0,False,0.0,False,0.0,False
38001000407,"[[ 0.15275413 -0.9872539   0.04467359  0.        ]
 [-0.58597445 -0.05407953  0.8085227   0.        ]
 [-0.7958014  -0.14968267 -0.5867665   0.        ]
 [-0.14336129  0.02914552  0.02556661  1.        ]]",True,True,[ 0.04003625 -0.03349784 -0.03876785],[0.04667127 0.4952131  0.867517  ],True,[ 0.03959716 -0.01318896 -0.03931221],[0.0421675  0.47578365 0.87855107],True,[ 0.04076511 -0.07313835 -0.0377536 ],[0.0403612  0.52959436 0.8472903 ],False,0.0,False,0.0,False,0.0,False
38001111519,"[[ 0.15198141 -0.9873993   0.04409441  0.        ]
 [-0.5863071  -0.05414951  0.808277    0.        ]
 [-0.7957045  -0.14869592 -0.5871489   0.        ]
 [-0.14334685  0.02921265  0.02551246  1.        ]]",True,True,[ 0.04005042 -0.03405984 -0.03875462],[0.04537673 0.4983589  0.8657825 ],True,[ 0.03966719 -0.01320729 -0.03931672],[0.04417891 0.4802585  0.8760137 ],True,[ 0.04080989 -0.07313488 -0.03781141],[0.04198815 0.536885   0.8426098 ],False,0.0,False,0.0,False,0.0,False
38001222632,"[[ 0.1519152  -0.9874146   0.0439823   0.        ]
 [-0.586599   -0.0542562   0.8080584   0.        ]
 [-0.7955022  -0.14855638 -0.58745885  0.        ]
 [-0.14332542  0.02919053  0.02546945  1.        ]]",True,True,[ 0.04004292 -0.03338836 -0.03877628],[0.04533959 0.4983373  0.86579686],True,[ 0.03968292 -0.0131918  -0.03934707],[0.04639876 0.48146716 0.8752351 ],True,[ 0.04084989 -0.07312752 -0.03776923],[0.04392018 0.5368898  0.8425085 ],False,0.0,False,0.0,False,0.0,False
38001333743,"[[ 0.15242624 -0.98732716  0.04417804  0.        ]
 [-0.58682364 -0.05444694  0.8078824   0.        ]
 [-0.79523873 -0.14906731 -0.58768606  0.        ]
 [-0.14329682  0.02912015  0.02544013  1.        ]]",True,True,[ 0.04005584 -0.03383967 -0.03876547],[0.04426011 0.49854025 0.8657359 ],True,[ 0.03967676 -0.01317971 -0.03932432],[0.04341799 0.47899354 0.87674403],True,[ 0.04084515 -0.07312284 -0.03773396],[0.04122408 0.53358215 0.8447431 ],False,0.0,False,0.0,False,0.0,False
38001444856,"[[ 0.15296447 -0.9872384   0.04429898  0.        ]
 [-0.5870341  -0.05471301  0.80771136  0.        ]
 [-0.7949798  -0.14955622 -0.58791184  0.        ]
 [-0.14326623  0.02904622  0.02542102  1.        ]]",True,True,[ 0.04007603 -0.03490186 -0.03873554],[0.04273608 0.4997676  0.8651046 ],True,[ 0.03967373 -0.01324301 -0.03922563],[0.04127536 0.4724427  0.88039434],True,[ 0.04081131 -0.07312941 -0.03776573],[0.03933886 0.5340952  0.8445085 ],False,0.0,False,0.0,False,0.0,False
38001555969,"[[ 0.15319598 -0.9872073   0.04418874  0.        ]
 [-0.5872437  -0.05498242  0.80754054  0.        ]
 [-0.7947803  -0.14966145 -0.5881543   0.        ]
 [-0.14325199  0.02896971  0.02541968  1.        ]]",True,True,[ 0.04007984 -0.03528669 -0.0387239 ],[0.04269838 0.50121033 0.8642714 ],True,[ 0.03967896 -0.01320812 -0.03927203],[0.04419697 0.4774343  0.87755525],True,[ 0.04081401 -0.07312927 -0.0377714 ],[0.04198554 0.5349082  0.8438664 ],False,0.0,False,0.0,False,0.0,False
38001667081,"[[ 0.15336949 -0.9871862   0.044058    0.        ]
 [-0.58741784 -0.05522728  0.8073971   0.        ]
 [-0.7946181  -0.14971054 -0.588361    0.        ]
 [-0.14322689  0.02890353  0.02542147  1.        ]]",True,False,[ 0.04007984 -0.03528669 -0.0387239 ],[0.04269838 0.50121033 0.8642714 ],True,[ 0.03967144 -0.01322646 -0.03926657],[0.0396826  0.47968876 0.8765409 ],True,[ 0.04083698 -0.07311987 -0.03776035],[0.03777061 0.5401787  0.8407023 ],False,0.0,False,0.0,False,0.0,False
38001778192,"[[ 0.15376496 -0.98712075  0.04414555  0.        ]
 [-0.5876272  -0.0554347   0.8072305   0.        ]
 [-0.79438686 -0.15006483 -0.588583    0.        ]
 [-0.14319365  0.02883128  0.02541679  1.        ]]",True,True,[ 0.04010273 -0.03663525 -0.0386867 ],[0.04216992 0.503519   0.86295444],True,[ 0.03967492 -0.01319388 -0.03931683],[0.04270361 0.48178965 0.87524575],True,[ 0.04084569 -0.07312077 -0.03774694],[0.04054787 0.5382287  0.8418229 ],False,0.0,False,0.0,False,0.0,False
38001889306,"[[ 0.15432829 -0.9870242   0.04433835  0.        ]
 [-0.587872   -0.05566478  0.8070364   0.        ]
 [-0.7940964  -0.15061375 -0.5888345   0.        ]
 [-0.14318117  0.02873198  0.02542076  1.        ]]",True,True,[ 0.04009511 -0.03621071 -0.03870174],[0.0410217 0.5044854 0.8624452],True,[ 0.0396806  -0.0132036  -0.03928921],[0.04023819 0.48404795 0.8741159 ],True,[ 0.04081506 -0.07314114 -0.03783587],[0.03821125 0.5398226  0.8409112 ],False,0.0,False,0.0,False,0.0,False
38002000418,"[[ 0.15492612 -0.98692155  0.04454017  0.        ]
 [-0.58819366 -0.0559237   0.8067843   0.        ]
 [-0.7937419  -0.15119022 -0.589165    0.        ]
 [-0.14316085  0.02862464  0.02540666  1.        ]]",True,False,[ 0.04009511 -0.03621071 -0.03870174],[0.0410217 0.5044854 0.8624452],True,[ 0.03975265 -0.01313442 -0.03937373],[0.05171397 0.4834263  0.87385625],True,[ 0.04090408 -0.07306313 -0.03779737],[0.04910504 0.5397176  0.8404128 ],False,0.0,False,0.0,False,0.0,False
38002111529,"[[ 0.15567648 -0.98679125  0.04480988  0.        ]
 [-0.588604   -0.05623722  0.80646324  0.        ]
 [-0.79329085 -0.15192264 -0.5895841   0.        ]
 [-0.14313377  0.02850918  0.02537188  1.        ]]",True,False,[ 0.04009511 -0.03621071 -0.03870174],[0.0410217 0.5044854 0.8624452],True,[ 0.03979775 -0.01316563 -0.03933682],[0.06485834 0.47860813 0.8756298 ],True,[ 0.04094097 -0.07308962 -0.03783808],[0.06211797 0.5353357  0.84235203],False,0.0,False,0.0,False,0.0,False
38002222642,"[[ 0.15661758 -0.98662746  0.04513091  0.        ]
 [-0.5891074  -0.05664325  0.8060668   0.        ]
 [-0.79273146 -0.15283108 -0.59010077  0.        ]
 [-0.14311734  0.02836173  0.02531901  1.        ]]",True,False,[ 0.04009511 -0.03621071 -0.03870174],[0.0410217 0.5044854 0.8624452],True,[ 0.03980182 -0.01320487 -0.03929652],[0.06730611 0.47748706 0.876057  ],True,[ 0.040937   -0.07309144 -0.03782986],[0.06400776 0.53870755 0.84005785],False,0.0,False,0.0,False,0.0,False
38002333755,"[[ 0.15776527 -0.98642665  0.0455265   0.        ]
 [-0.58977896 -0.05714893  0.8055401   0.        ]
 [-0.79200435 -0.15393686 -0.5907898   0.        ]
 [-0.1430977   0.02820912  0.02523917  1.        ]]",True,True,[ 0.04010912 -0.03598649 -0.03871604],[0.04926746 0.50315183 0.8627925 ],True,[ 0.0397969  -0.01319166 -0.03931734],[0.06626625 0.48051408 0.8744799 ],True,[ 0.04092472 -0.07309791 -0.03783401],[0.06298287 0.5394447  0.8396622 ],False,0.0,False,0.0,False,0.0,False
38002444869,"[[ 0.15903485 -0.9862027   0.0459573   0.        ]
 [-0.590678   -0.05774689  0.8048384   0.        ]
 [-0.79108    -0.15514332 -0.591712    0.        ]
 [-0.14307997  0.02807335  0.02512541  1.        ]]",True,True,[ 0.04013505 -0.03021392 -0.03883704],[0.06736858 0.4982146  0.8644326 ],True,[ 0.03982591 -0.0132351  -0.03922446],[0.06823345 0.47999844 0.87461174],True,[ 0.04091599 -0.07310645 -0.03785834],[0.06505276 0.54326487 0.83703727],False,0.0,False,0.0,False,0.0,False
38002555981,"[[ 0.1601373  -0.9860172   0.0461112   0.        ]
 [-0.5917922  -0.0585146   0.8039641   0.        ]
 [-0.79002416 -0.15603298 -0.59288776  0.        ]
 [-0.1430849   0.02795577  0.02499837  1.        ]]",True,False,[ 0.04013505 -0.03021392 -0.03883704],[0.06736858 0.4982146  0.8644326 ],True,[ 0.03977219 -0.01317121 -0.0393136 ],[0.060704   0.48219463 0.8739584 ],True,[ 0.04090998 -0.07308686 -0.03780011],[0.0578765  0.54014164 0.8395818 ],False,0.0,False,0.0,False,0.0,False
38002667093,"[[ 0.16092563 -0.9859      0.04587194  0.        ]
 [-0.59297854 -0.05942714  0.8030224   0.        ]
 [-0.7889737  -0.15642792 -0.5941808   0.        ]
 [-0.14310431  0.02787254  0.02485886  1.        ]]",True,True,[ 0.04025484 -0.0375138  -0.03868107],[0.06309381 0.5060075  0.8602184 ],True,[ 0.03977771 -0.01316495 -0.0393098 ],[0.05645921 0.48788503 0.87108016],True,[ 0.04090727 -0.07305504 -0.03782487],[0.05389482 0.5486989  0.834281  ],False,0.0,False,0.0,False,0.0,False
38002778205,"[[ 0.16166967 -0.9857987   0.04542822  0.        ]
 [-0.59410274 -0.06046832  0.80211294  0.        ]
 [-0.787975   -0.15666625 -0.5954416   0.        ]
 [-0.14313558  0.02780864  0.02473214  1.        ]]",True,True,[ 0.04037404 -0.04443609 -0.03852383],[0.05499617 0.52308947 0.8505014 ],True,[ 0.03978803 -0.01317326 -0.03930214],[0.05645769 0.4884026  0.8707901 ],True,[ 0.04090985 -0.07302044 -0.0378122 ],[0.05358216 0.5540644  0.8307476 ],False,0.0,False,0.0,False,0.0,False
38002889317,"[[ 0.16259772 -0.9856721   0.04486206  0.        ]
 [-0.5949825  -0.06167555  0.80136883  0.        ]
 [-0.78712    -0.15699288 -0.596486    0.        ]
 [-0.14318037  0.02773361  0.02464762  1.        ]]",True,True,[ 0.04033127 -0.04266381 -0.03857419],[0.05415405 0.5200463  0.8524195 ],True,[ 0.03975061 -0.01312442 -0.03936685],[0.05372118 0.48522928 0.8727351 ],True,[ 0.04091045 -0.07299855 -0.03776626],[0.05120387 0.5473522  0.8353345 ],False,0.0,False,0.0,False,0.0,False
38003000429,"[[ 0.16340768 -0.9855714   0.0441263   0.        ]
 [-0.59564555 -0.06290543  0.80078053  0.        ]
 [-0.7864505  -0.1571374  -0.59733045  0.        ]
 [-0.14323866  0.0276738   0.024609    1.        ]]",True,True,[ 0.04026743 -0.03970189 -0.03866101],[0.05384015 0.5177967  0.8538078 ],True,[ 0.03972682 -0.01307811 -0.03941099],[0.05423009 0.49303538 0.8683175 ],True,[ 0.04092158 -0.07297055 -0.0377434 ],[0.05155339 0.5525644  0.83187425],False,0.0,False,0.0,False,0.0,False
38003224030,"[[ 0.16451532 -0.9854735   0.04214928  0.        ]
 [-0.59627926 -0.06532156  0.80011487  0.        ]
 [-0.7857388  -0.15676376 -0.59836376  0.        ]
 [-0.1433916   0.02759555  0.02466375  1.        ]]",True,True,[ 0.04022175 -0.03769999 -0.03872688],[0.05268922 0.51476884 0.85570836],True,[ 0.0397236  -0.01306659 -0.03944215],[0.05391433 0.4918437  0.8690126 ],True,[ 0.04092161 -0.07297099 -0.037746  ],[0.05112999 0.5499444  0.8336347 ],False,0.0,False,0.0,False,0.0,False
38003224030,"[[ 0.16451532 -0.9854735   0.04214928  0.        ]
 [-0.59627926 -0.06532156  0.80011487  0.        ]
 [-0.7857388  -0.15676376 -0.59836376  0.        ]
 [-0.1433916   0.02759555  0.02466375  1.        ]]",True,True,[ 0.04022175 -0.03769999 -0.03872688],[0.05268922 0.51476884 0.85570836],True,[ 0.0397236  -0.01306659 -0.03944215],[0.05391433 0.4918437  0.8690126 ],True,[ 0.04092161 -0.07297099 -0.037746  ],[0.05112999 0.5499444  0.8336347 ],False,0.0,False,0.0,False,0.0,False
38003377652,"[[ 0.16539067 -0.9853749   0.04101464  0.        ]
 [-0.59629154 -0.06678677  0.799985    0.        ]
 [-0.78554595 -0.15676671 -0.5986166   0.        ]
 [-0.14350921  0.02750767  0.02476907  1.        ]]",True,True,[ 0.04021676 -0.03753716 -0.03873459],[0.05188729 0.515469   0.8553358 ],True,[ 0.0397183  -0.01307434 -0.03942755],[0.0516293  0.49361706 0.8681455 ],True,[ 0.04091743 -0.07296679 -0.03777016],[0.04892927 0.5532641  0.8315677 ],False,0.0,False,0.0,False,0.0,False
38003484954,"[[ 0.16614133 -0.9852643   0.04064068  0.        ]
 [-0.59616816 -0.06753051  0.80001473  0.        ]
 [-0.78548133 -0.15714434 -0.5986029   0.        ]
 [-0.14359358  0.02744391  0.02486181  1.        ]]",True,True,[ 0.04020433 -0.03715788 -0.0387501 ],[0.05068192 0.5151228  0.85561675],True,[ 0.03969361 -0.01303571 -0.03945542],[0.04957951 0.49521223 0.86735624],True,[ 0.04089038 -0.07297888 -0.03777558],[0.04711259 0.5490799  0.834441  ],False,0.0,False,0.0,False,0.0,False
38003706495,"[[ 0.16673905 -0.9851938   0.03989673  0.        ]
 [-0.59571797 -0.06841445  0.800275    0.        ]
 [-0.78569627 -0.15720445 -0.5983051   0.        ]
 [-0.1438037   0.0273812   0.02507588  1.        ]]",True,True,[ 0.04020484 -0.03759183 -0.03873387],[0.04931224 0.51720333 0.8544408 ],True,[ 0.03970435 -0.01311819 -0.03932799],[0.04914239 0.49035084 0.8701386 ],True,[ 0.04086382 -0.07300456 -0.03780384],[0.0467193  0.5514019  0.83293056],False,0.0,False,0.0,False,0.0,False
38003706495,"[[ 0.16673905 -0.9851938   0.03989673  0.        ]
 [-0.59571797 -0.06841445  0.800275    0.        ]
 [-0.78569627 -0.15720445 -0.5983051   0.        ]
 [-0.1438037   0.0273812   0.02507588  1.        ]]",True,True,[ 0.04020484 -0.03759183 -0.03873387],[0.04931224 0.51720333 0.8544408 ],True,[ 0.03970435 -0.01311819 -0.03932799],[0.04914239 0.49035084 0.8701386 ],True,[ 0.04086382 -0.07300456 -0.03780384],[0.0467193  0.5514019  0.83293056],False,0.0,False,0.0,False,0.0,False
38003817607,"[[ 0.16661346 -0.9852344   0.03941193  0.        ]
 [-0.59543693 -0.06867421  0.80046165  0.        ]
 [-0.78593576 -0.15683505 -0.5980871   0.        ]
 [-0.14390047  0.02739801  0.0251849   1.        ]]",True,True,[ 0.04020959 -0.03792248 -0.03872387],[0.0487834 0.5189947 0.8533842],True,[ 0.03971935 -0.01312992 -0.03933385],[0.04938423 0.49315357 0.8685395 ],True,[ 0.04086843 -0.07300006 -0.03782462],[0.04686653 0.55603373 0.82983726],False,0.0,False,0.0,False,0.0,False
38003928719,"[[ 0.16656756 -0.9852556   0.03907403  0.        ]
 [-0.5951265  -0.06885862  0.8006767   0.        ]
 [-0.7861805  -0.15662083 -0.5978215   0.        ]
 [-0.14399625  0.02739235  0.02528673  1.        ]]",True,True,[ 0.04020062 -0.03770589 -0.03872982],[0.04696306 0.5196755  0.8530721 ],True,[ 0.03971408 -0.01310395 -0.0393658 ],[0.04523171 0.49151006 0.86969644],True,[ 0.04088507 -0.07299569 -0.03775913],[0.04276427 0.5516273  0.8329937 ],False,0.0,False,0.0,False,0.0,False
38004150944,"[[ 0.16644561 -0.9852972   0.03854221  0.        ]
 [-0.5944762  -0.06908631  0.80114007  0.        ]
 [-0.7866983  -0.15625879 -0.59723496  0.        ]
 [-0.14416793  0.02743035  0.02549332  1.        ]]",True,True,[ 0.04021749 -0.03880459 -0.0386941 ],[0.04661663 0.52224183 0.8515224 ],True,[ 0.03970797 -0.01311393 -0.03934107],[0.04912512 0.4926477  0.8688412 ],True,[ 0.04089286 -0.07301243 -0.03775142],[0.04659514 0.55194426 0.83257824],False,0.0,False,0.0,False,0.0,False
38004262057,"[[ 0.1661362  -0.985364    0.03816643  0.        ]
 [-0.59420353 -0.06914675  0.8013371   0.        ]
 [-0.78696954 -0.15580985 -0.59699464  0.        ]
 [-0.1442363   0.02744439  0.02558455  1.        ]]",True,True,[ 0.04023661 -0.03980237 -0.03866129],[0.04638531 0.52273995 0.8512293 ],True,[ 0.03973004 -0.01314467 -0.03930722],[0.04784109 0.49071014 0.87000847],True,[ 0.04089088 -0.07301991 -0.03776363],[0.0452962  0.55297357 0.8319666 ],False,0.0,False,0.0,False,0.0,False
38004373169,"[[ 0.16578639 -0.98543566  0.03783533  0.        ]
 [-0.594003   -0.06916046  0.80148447  0.        ]
 [-0.7871946  -0.1553495  -0.5968176   0.        ]
 [-0.14430657  0.02748455  0.025662    1.        ]]",True,True,[ 0.04025455 -0.04072878 -0.03863133],[0.04623251 0.52270305 0.8512602 ],True,[ 0.03975556 -0.01316996 -0.03929862],[0.04790855 0.48896447 0.8709871 ],True,[ 0.04088373 -0.07303406 -0.03780244],[0.04519185 0.5527527  0.832119  ],False,0.0,False,0.0,False,0.0,False
38004484282,"[[ 0.16562676 -0.9854695   0.03765145  0.        ]
 [-0.5938489  -0.06918132  0.8015969   0.        ]
 [-0.78734446 -0.1551252  -0.59667826  0.        ]
 [-0.14436169  0.02750882  0.02572918  1.        ]]",True,True,[ 0.04027138 -0.04153076 -0.03860467],[0.04661321 0.5244372  0.85017216],True,[ 0.03976731 -0.01318416 -0.03927388],[0.0492703  0.4922257  0.86907214],True,[ 0.04089141 -0.07302827 -0.03781863],[0.04657683 0.5583452  0.82830024],False,0.0,False,0.0,False,0.0,False
38004595394,"[[ 0.1655978  -0.985478    0.03755391  0.        ]
 [-0.59376067 -0.06922507  0.80165815  0.        ]
 [-0.78741693 -0.15505072 -0.5966015   0.        ]
 [-0.14440463  0.02751043  0.02580026  1.        ]]",True,True,[ 0.04028106 -0.04191987 -0.03858801],[0.04689335 0.5223269  0.8514549 ],True,[ 0.03973123 -0.01314703 -0.03932607],[0.04897403 0.4923232  0.8690337 ],True,[ 0.04088924 -0.0730473  -0.03780792],[0.04643238 0.5518168  0.83267176],False,0.0,False,0.0,False,0.0,False
38004706506,"[[ 0.1655258  -0.9854976   0.03735971  0.        ]
 [-0.5937457  -0.06933606  0.80165994  0.        ]
 [-0.7874435  -0.15487757 -0.59661186  0.        ]
 [-0.14443171  0.02751095  0.02583742  1.        ]]",True,True,[ 0.04028991 -0.04225343 -0.03857866],[0.0458491 0.5224664 0.8514263],True,[ 0.03972432 -0.01311831 -0.03935192],[0.04540621 0.496637   0.8667698 ],True,[ 0.04088875 -0.07303772 -0.03780186],[0.04301947 0.553952   0.8314364 ],False,0.0,False,0.0,False,0.0,False
38004817619,"[[ 0.16543162 -0.98552257  0.03711626  0.        ]
 [-0.59382147 -0.06949091  0.8015904   0.        ]
 [-0.7874062  -0.1546489  -0.59672046  0.        ]
 [-0.14444898  0.0274839   0.02585244  1.        ]]",True,True,[ 0.04028813 -0.04199416 -0.03858969],[0.04660002 0.52050805 0.8525842 ],True,[ 0.0397246  -0.01309452 -0.03941199],[0.04952475 0.49363378 0.86825866],True,[ 0.04091242 -0.07304823 -0.03779575],[0.0471443  0.54659975 0.83606577],False,0.0,False,0.0,False,0.0,False
38004928730,"[[ 0.165762   -0.98546326  0.03721771  0.        ]
 [-0.593941   -0.06963563  0.80148935  0.        ]
 [-0.7872466  -0.15496162 -0.5968499   0.        ]
 [-0.14444724  0.02741271  0.02584711  1.        ]]",True,True,[ 0.04028564 -0.04172663 -0.03859752],[0.04756047 0.51970744 0.8530194 ],True,[ 0.03973408 -0.01310346 -0.03937828],[0.05082627 0.49459296 0.8676374 ],True,[ 0.04091106 -0.07303397 -0.03778885],[0.04825281 0.5504944  0.8334432 ],False,0.0,False,0.0,False,0.0,False
38005039843,"[[ 0.16631234 -0.98535633  0.03759643  0.        ]
 [-0.5941479  -0.06970811  0.80132985  0.        ]
 [-0.78697443 -0.15560898 -0.5970408   0.        ]
 [-0.14443427  0.02734996  0.02583021  1.        ]]",True,True,[ 0.04027756 -0.04124463 -0.03860995],[0.04787116 0.5189475  0.8534645 ],True,[ 0.03973721 -0.01313147 -0.0393277 ],[0.04984947 0.49383095 0.8681278 ],True,[ 0.04088607 -0.0730454  -0.03780032],[0.04711605 0.5518804  0.8325912 ],False,0.0,False,0.0,False,0.0,False
38005150955,"[[ 0.16653293 -0.98531246  0.0377599   0.        ]
 [-0.59445226 -0.06977105  0.8010981   0.        ]
 [-0.7866975  -0.15585554 -0.59734035  0.        ]
 [-0.14442073  0.0273105   0.02578929  1.        ]]",True,True,[ 0.04026578 -0.04065972 -0.0386283 ],[0.04831879 0.5190531  0.85337514],True,[ 0.03971338 -0.01308429 -0.03937503],[0.05039287 0.49823463 0.86557657],True,[ 0.04089315 -0.07304614 -0.037764  ],[0.04793466 0.5503158  0.8335795 ],False,0.0,False,0.0,False,0.0,False
38005262068,"[[ 0.16647756 -0.9853263   0.03765014  0.        ]
 [-0.59480846 -0.06989706  0.80082303  0.        ]
 [-0.78644025 -0.1557138  -0.5977168   0.        ]
 [-0.14440809  0.02727035  0.02575493  1.        ]]",True,True,[ 0.04025105 -0.03991373 -0.03865075],[0.04841657 0.51767105 0.85420877],True,[ 0.03972411 -0.01313046 -0.03933642],[0.04972053 0.49394462 0.86807066],True,[ 0.04086679 -0.07304925 -0.03783024],[0.04718542 0.55143344 0.83288336],False,0.0,False,0.0,False,0.0,False
38005373180,"[[ 0.16644382 -0.98533297  0.03762177  0.        ]
 [-0.5952389  -0.06998432  0.8004954   0.        ]
 [-0.7861216  -0.15563151 -0.59815705  0.        ]
 [-0.14437282  0.02726108  0.02569082  1.        ]]",True,True,[ 0.04023427 -0.03907583 -0.03867726],[0.04866076 0.5172113  0.85447335],True,[ 0.03972831 -0.01311933 -0.03934484],[0.05024319 0.49415445 0.867921  ],True,[ 0.04087926 -0.07303202 -0.03783193],[0.04773623 0.5523746  0.832228  ],False,0.0,False,0.0,False,0.0,False
38005484292,"[[ 0.16646796 -0.9853259   0.03770304  0.        ]
 [-0.59570366 -0.07002532  0.8001461   0.        ]
 [-0.7857644  -0.15565857 -0.5986192   0.        ]
 [-0.1443307   0.02724264  0.0256151   1.        ]]",True,True,[ 0.04022003 -0.03839271 -0.03869846],[0.0494461  0.51776016 0.85409576],True,[ 0.03973306 -0.01311984 -0.03934822],[0.05215595 0.4947049  0.8674945 ],True,[ 0.04088136 -0.07302155 -0.03783366],[0.04940863 0.5540919  0.8309879 ],False,0.0,False,0.0,False,0.0,False
38005595404,"[[ 0.1665253  -0.9853097   0.03786442  0.        ]
 [-0.5961968  -0.07002711  0.7997782   0.        ]
 [-0.78537786 -0.15575784 -0.59909976  0.        ]
 [-0.14428441  0.02720363  0.02555442  1.        ]]",True,True,[ 0.040195   -0.03719594 -0.03873253],[0.05071435 0.51547086 0.8554051 ],True,[ 0.03973364 -0.01311832 -0.03934641],[0.05396307 0.49172875 0.8690747 ],True,[ 0.04087982 -0.07302039 -0.03782496],[0.05141058 0.551079   0.8328678 ],False,0.0,False,0.0,False,0.0,False
38005706516,"[[ 0.16648835 -0.98530847  0.03806359  0.        ]
 [-0.59669787 -0.06994224  0.79941213  0.        ]
 [-0.7850053  -0.15580526 -0.599576    0.        ]
 [-0.14423531  0.02719463  0.02546787  1.        ]]",True,True,[ 0.04017277 -0.03641924 -0.03875272],[0.04898678 0.51265836 0.857194  ],True,[ 0.03965127 -0.01310938 -0.03935251],[0.04647331 0.49015713 0.8703943 ],True,[ 0.04083345 -0.07301825 -0.03776559],[0.04394339 0.548672   0.834882  ],False,0.0,False,0.0,False,0.0,False
38005817630,"[[ 0.16624767 -0.985345    0.038174    0.        ]
 [-0.59716785 -0.06979716  0.79907405  0.        ]
 [-0.7846991  -0.1556406  -0.60002005  0.        ]
 [-0.14418755  0.02720066  0.0253835   1.        ]]",True,False,[ 0.04017277 -0.03641924 -0.03875272],[0.04898678 0.51265836 0.857194  ],True,[ 0.03955676 -0.01314227 -0.03935271],[0.03034725 0.4920295  0.8700494 ],True,[ 0.0407395  -0.0730039  -0.03780276],[0.02825555 0.55614525 0.83060455],False,0.0,False,0.0,False,0.0,False
38005928741,"[[ 0.16592818 -0.98539615  0.03823909  0.        ]
 [-0.5975784  -0.06962705  0.7987815   0.        ]
 [-0.78445375 -0.15539119 -0.6004045   0.        ]
 [-0.14413488  0.02719979  0.02533647  1.        ]]",True,True,[ 0.04013403 -0.03538319 -0.03878046],[0.04082984 0.5114566  0.8583385 ],True,[ 0.0395261  -0.01313411 -0.03938005],[0.02633252 0.49022594 0.8711975 ],True,[ 0.04073348 -0.07294253 -0.0377633 ],[0.0243357  0.5601545  0.82803065],False,0.0,False,0.0,False,0.0,False
38006039855,"[[ 0.16568631 -0.9854302   0.03840789  0.        ]
 [-0.5979118  -0.06940615  0.7985512   0.        ]
 [-0.78425086 -0.15527347 -0.6006999   0.        ]
 [-0.14408278  0.02720332  0.02527907  1.        ]]",True,False,[ 0.04013403 -0.03538319 -0.03878046],[0.04082984 0.5114566  0.8583385 ],True,[ 0.03952685 -0.01311572 -0.03936248],[0.02206021 0.49344712 0.8694959 ],True,[ 0.04073067 -0.07294094 -0.03776917],[0.02024029 0.56161165 0.8271533 ],False,0.0,False,0.0,False,0.0,False
38006150967,"[[ 0.16549563 -0.98545367  0.0386315   0.        ]
 [-0.59816533 -0.06915712  0.7983831   0.        ]
 [-0.7840979  -0.15523699 -0.6009095   0.        ]
 [-0.14402775  0.02720493  0.02523795  1.        ]]",True,False,[ 0.04013403 -0.03538319 -0.03878046],[0.04082984 0.5114566  0.8583385 ],True,[ 0.03952223 -0.0130824  -0.03939417],[0.02370156 0.49299726 0.8697079 ],True,[ 0.04073845 -0.0729525  -0.037742  ],[0.0218561  0.55587083 0.8309813 ],False,0.0,False,0.0,False,0.0,False
38006262079,"[[ 0.1651864  -0.98549986  0.03877306  0.        ]
 [-0.5983676  -0.06889021  0.7982545   0.        ]
 [-0.7840087  -0.15506127 -0.6010709   0.        ]
 [-0.14397734  0.02719871  0.0252271   1.        ]]",True,True,[ 0.04010257 -0.03477763 -0.03879453],[0.03452079 0.512868   0.8577731 ],True,[ 0.03951951 -0.01305725 -0.03940618],[0.02428746 0.4961268  0.86791027],True,[ 0.04073551 -0.07295508 -0.03774408],[0.02241009 0.55584496 0.8309839 ],False,0.0,False,0.0,False,0.0,False
38006373191,"[[ 0.16477948 -0.9855666   0.0388101   0.        ]
 [-0.5985495  -0.06864357  0.7981396   0.        ]
 [-0.7839556  -0.15474686 -0.60122144  0.        ]
 [-0.14392017  0.027208    0.02520975  1.        ]]",True,True,[ 0.04006868 -0.03396925 -0.03881286],[0.03012207 0.5116467  0.8586678 ],True,[ 0.03954975 -0.01311546 -0.03935446],[0.02393267 0.49046302 0.8711333 ],True,[ 0.04074037 -0.07294751 -0.03774109],[0.02190624 0.5579061  0.82961494],False,0.0,False,0.0,False,0.0,False
38006484304,"[[ 0.16443932 -0.9856232   0.03881258  0.        ]
 [-0.59870404 -0.06846058  0.7980391   0.        ]
 [-0.7839088  -0.15446621 -0.6013541   0.        ]
 [-0.14386022  0.02719337  0.02520069  1.        ]]",True,True,[ 0.04003819 -0.03327202 -0.03883053],[0.02647266 0.51099545 0.8591757 ],True,[ 0.03955308 -0.01311825 -0.03934539],[0.0219812  0.49032438 0.8712628 ],True,[ 0.04074407 -0.07294319 -0.03775658],[0.02010653 0.5586254  0.8291763 ],False,0.0,False,0.0,False,0.0,False
38006595417,"[[ 0.16435117 -0.98563445  0.03890666  0.        ]
 [-0.5988474  -0.0683583   0.79794073  0.        ]
 [-0.7838181  -0.15444174 -0.6014794   0.        ]
 [-0.14381409  0.02711099  0.02522373  1.        ]]",True,True,[ 0.0400089  -0.03249114 -0.03885213],[0.02557885 0.5098845  0.8598626 ],True,[ 0.03956764 -0.01309518 -0.03939201],[0.02645985 0.49014705 0.871238  ],True,[ 0.04076951 -0.07293531 -0.03774394],[0.02445279 0.55641156 0.83054686],False,0.0,False,0.0,False,0.0,False
38006706528,"[[ 0.1646862  -0.9855638   0.03927308  0.        ]
 [-0.59896594 -0.06829286  0.797857    0.        ]
 [-0.7836569  -0.1549192  -0.6015661   0.        ]
 [-0.14374489  0.02698978  0.02522814  1.        ]]",True,True,[ 0.03998395 -0.03187124 -0.03886597],[0.02439071 0.5084817  0.8607273 ],True,[ 0.03958185 -0.01313115 -0.03934233],[0.02467366 0.4875126  0.8727673 ],True,[ 0.04076396 -0.07292897 -0.03775072],[0.02271855 0.5588954  0.82892686],False,0.0,False,0.0,False,0.0,False
38006817640,"[[ 0.16535354 -0.98542583  0.03992847  0.        ]
 [-0.59907174 -0.06819844  0.7977859   0.        ]
 [-0.7834357  -0.15583685 -0.6016177   0.        ]
 [-0.14367619  0.0268338   0.02524188  1.        ]]",True,True,[ 0.03995836 -0.0313842  -0.03887716],[0.02244479 0.5111942  0.85917205],True,[ 0.03955431 -0.01310747 -0.03935715],[0.02133971 0.49611863 0.86799246],True,[ 0.04074126 -0.07292966 -0.03776959],[0.01960514 0.5646352  0.82510763],False,0.0,False,0.0,False,0.0,False
38006928753,"[[ 0.16610873 -0.9852741   0.0405342   0.        ]
 [-0.5991298  -0.06818902  0.79774296  0.        ]
 [-0.78323144 -0.15679738 -0.6016338   0.        ]
 [-0.14362402  0.02665551  0.02529329  1.        ]]",True,True,[ 0.03992692 -0.03065785 -0.03889079],[0.02185267 0.5107713  0.8594389 ],True,[ 0.03954529 -0.01311045 -0.03933436],[0.02334466 0.49048018 0.8711396 ],True,[ 0.04073576 -0.07292576 -0.03770546],[0.02150394 0.5597617  0.82837456],False,0.0,False,0.0,False,0.0,False
38007039866,"[[ 0.16674674 -0.98514897  0.04095021  0.        ]
 [-0.59913987 -0.06825101  0.79772997  0.        ]
 [-0.7830881  -0.15755382 -0.6016227   0.        ]
 [-0.14356354  0.02651396  0.02533278  1.        ]]",True,True,[ 0.03990369 -0.03043318 -0.03889151],[0.02151107 0.5111091  0.8592466 ],True,[ 0.0395331  -0.01311382 -0.03932037],[0.02343862 0.49178904 0.87039894],True,[ 0.04071564 -0.0729291  -0.03771988],[0.02156733 0.56118065 0.82741225],False,0.0,False,0.0,False,0.0,False
38007262089,"[[ 0.167359   -0.98504114  0.04104587  0.        ]
 [-0.599108   -0.06854796  0.7977285   0.        ]
 [-0.7829819  -0.15809792 -0.60161805  0.        ]
 [-0.14344542  0.02630578  0.02546114  1.        ]]",True,True,[ 0.03989369 -0.03055177 -0.03887941],[0.02168746 0.5115977  0.85895133],True,[ 0.03952213 -0.01310338 -0.03933742],[0.02341871 0.4940493  0.8691185 ],True,[ 0.04070681 -0.07292814 -0.03773048],[0.02143892 0.5622811  0.8266681 ],False,0.0,False,0.0,False,0.0,False
38007373201,"[[ 0.16751742 -0.98502016  0.04090169  0.        ]
 [-0.5990802  -0.06875753  0.7977311   0.        ]
 [-0.782969   -0.15813708 -0.601624    0.        ]
 [-0.14339086  0.02624986  0.02553368  1.        ]]",True,True,[ 0.03988798 -0.03027832 -0.03888076],[0.02140435 0.51142263 0.85906273],True,[ 0.0395275  -0.0131161  -0.03932467],[0.02315921 0.4913467  0.8706561 ],True,[ 0.04071256 -0.0729303  -0.03772599],[0.02127396 0.560848   0.8276453 ],False,0.0,False,0.0,False,0.0,False
38007484314,"[[ 0.16762161 -0.98501295  0.04065162  0.        ]
 [-0.59903735 -0.06901646  0.7977412   0.        ]
 [-0.7829797  -0.15807047 -0.60162807  0.        ]
