Timestamp,Pose,Calibration_Valid,Combined_Eye_Gaze_Valid,Combined_Eye_Gaze_Origin,Combined_Eye_Gaze_Direction,Left_Eye_Gaze_Valid,Left_Eye_Gaze_Origin,Left_Eye_Gaze_Direction,Right_Eye_Gaze_Valid,Right_Eye_Gaze_Origin,Right_Eye_Gaze_Direction,Left_Eye_Openness_Valid,Left_Eye_Openness,Right_Eye_Openness_Valid,Right_Eye_Openness,Vergence_Distance_Valid,Vergence_Distance,Target
34688450894,"[[-0.0076437  -0.99985003  0.01554685  0.        ]
 [-0.97894466  0.01065338  0.20384803  0.        ]
 [-0.20398307 -0.01366136 -0.9788792   0.        ]
 [-0.09111832 -0.010827    0.00932265  1.        ]]",True,True,[ 0.04073955 -0.05330991 -0.03763863],[0.08735989 0.29027516 0.95294726],True,[ 0.03996631 -0.01504187 -0.03811067],[0.08261527 0.2519721  0.9642017 ],True,[ 0.04088687 -0.07513922 -0.03721957],[0.08090628 0.2921736  0.95293695],False,0.0,False,0.0,False,0.0,False
34688662497,"[[-0.0076437  -0.99985003  0.01554685  0.        ]
 [-0.97894466  0.01065338  0.20384803  0.        ]
 [-0.20398307 -0.01366136 -0.9788792   0.        ]
 [-0.09111832 -0.010827    0.00932265  1.        ]]",False,False,[ 0.04073955 -0.05330991 -0.03763863],[0.08735989 0.29027516 0.95294726],False,[ 0.03996631 -0.01504187 -0.03811067],[0.08261527 0.2519721  0.9642017 ],False,[ 0.04088687 -0.07513922 -0.03721957],[0.08090628 0.2921736  0.95293695],False,0.0,False,0.0,False,0.0,False
34688779864,"[[-0.0076437  -0.99985003  0.01554685  0.        ]
 [-0.97894466  0.01065338  0.20384803  0.        ]
 [-0.20398307 -0.01366136 -0.9788792   0.        ]
 [-0.09111832 -0.010827    0.00932265  1.        ]]",False,False,[ 0.04073955 -0.05330991 -0.03763863],[0.08735989 0.29027516 0.95294726],False,[ 0.03996631 -0.01504187 -0.03811067],[0.08261527 0.2519721  0.9642017 ],False,[ 0.04088687 -0.07513922 -0.03721957],[0.08090628 0.2921736  0.95293695],False,0.0,False,0.0,False,0.0,False
34688908889,"[[-0.01272202 -0.9997825   0.01652984  0.        ]
 [-0.9758647   0.01601827  0.21778801  0.        ]
 [-0.2180054  -0.01336021 -0.9758563   0.        ]
 [-0.0941247  -0.01009417  0.00115635  1.        ]]",True,False,[ 0.04073955 -0.05330991 -0.03763863],[0.08735989 0.29027516 0.95294726],False,[ 0.03996631 -0.01504187 -0.03811067],[0.08261527 0.2519721  0.9642017 ],False,[ 0.04088687 -0.07513922 -0.03721957],[0.08090628 0.2921736  0.95293695],False,0.0,False,0.0,False,0.0,False
34689062457,"[[-0.01498806 -0.9997463   0.01680759  0.        ]
 [-0.97473514  0.01835573  0.22260791  0.        ]
 [-0.22285998 -0.01304647 -0.9747629   0.        ]
 [-0.09514019 -0.00985256 -0.00154756  1.        ]]",True,False,[ 0.04073955 -0.05330991 -0.03763863],[0.08735989 0.29027516 0.95294726],False,[ 0.03996631 -0.01504187 -0.03811067],[0.08261527 0.2519721  0.9642017 ],False,[ 0.04088687 -0.07513922 -0.03721957],[0.08090628 0.2921736  0.95293695],False,0.0,False,0.0,False,0.0,False
34689169255,"[[-0.01683807 -0.9997147   0.01694385  0.        ]
 [-0.97392565  0.02023345  0.22596353  0.        ]
 [-0.22624189 -0.01269726 -0.97398853  0.        ]
 [-0.09582671 -0.00964367 -0.00341318  1.        ]]",True,False,[ 0.04073955 -0.05330991 -0.03763863],[0.08735989 0.29027516 0.95294726],False,[ 0.03996631 -0.01504187 -0.03811067],[0.08261527 0.2519721  0.9642017 ],False,[ 0.04088687 -0.07513922 -0.03721957],[0.08090628 0.2921736  0.95293695],False,0.0,False,0.0,False,0.0,False
34689279966,"[[-0.01895225 -0.99967325  0.01715361  0.        ]
 [-0.9730867   0.02238363  0.22934973  0.        ]
 [-0.22965875 -0.01234526 -0.97319293  0.        ]
 [-0.09653047 -0.0094107  -0.00534105  1.        ]]",True,False,[ 0.04073955 -0.05330991 -0.03763863],[0.08735989 0.29027516 0.95294726],False,[ 0.03996631 -0.01504187 -0.03811067],[0.08261527 0.2519721  0.9642017 ],False,[ 0.04088687 -0.07513922 -0.03721957],[0.08090628 0.2921736  0.95293695],False,0.0,False,0.0,False,0.0,False
34689391078,"[[-0.02130699 -0.99962175  0.01739345  0.        ]
 [-0.9722614   0.02477062  0.23258163  0.        ]
 [-0.23292449 -0.01195537 -0.9724214   0.        ]
 [-0.09728457 -0.00917432 -0.0072882   1.        ]]",True,False,[ 0.04073955 -0.05330991 -0.03763863],[0.08735989 0.29027516 0.95294726],False,[ 0.03996631 -0.01504187 -0.03811067],[0.08261527 0.2519721  0.9642017 ],False,[ 0.04088687 -0.07513922 -0.03721957],[0.08090628 0.2921736  0.95293695],False,0.0,False,0.0,False,0.0,False
34689502191,"[[-0.02387059 -0.9995562   0.01782462  0.        ]
 [-0.97146034  0.02740109  0.23561439  0.        ]
 [-0.23599821 -0.01169168 -0.97168326  0.        ]
 [-0.09798052 -0.00893487 -0.00922472  1.        ]]",True,False,[ 0.04073955 -0.05330991 -0.03763863],[0.08735989 0.29027516 0.95294726],False,[ 0.03996631 -0.01504187 -0.03811067],[0.08261527 0.2519721  0.9642017 ],False,[ 0.04088687 -0.07513922 -0.03721957],[0.08090628 0.2921736  0.95293695],False,0.0,False,0.0,False,0.0,False
34689613305,"[[-0.02655566 -0.9994706   0.01878983  0.        ]
 [-0.9706844   0.03027374  0.23844296  0.        ]
 [-0.23888558 -0.01190696 -0.97097445  0.        ]
 [-0.09866577 -0.00871212 -0.01115394  1.        ]]",True,False,[ 0.04073955 -0.05330991 -0.03763863],[0.08735989 0.29027516 0.95294726],False,[ 0.03996631 -0.01504187 -0.03811067],[0.08261527 0.2519721  0.9642017 ],False,[ 0.04088687 -0.07513922 -0.03721957],[0.08090628 0.2921736  0.95293695],False,0.0,False,0.0,False,0.0,False
34689724418,"[[-0.02934015 -0.9993626   0.02033495  0.        ]
 [-0.96994877  0.03338063  0.24100855  0.        ]
 [-0.24153373 -0.01265264 -0.97031     0.        ]
 [-0.09935281 -0.00853877 -0.01308379  1.        ]]",True,False,[ 0.04073955 -0.05330991 -0.03763863],[0.08735989 0.29027516 0.95294726],False,[ 0.03996631 -0.01504187 -0.03811067],[0.08261527 0.2519721  0.9642017 ],False,[ 0.04088687 -0.07513922 -0.03721957],[0.08090628 0.2921736  0.95293695],False,0.0,False,0.0,False,0.0,False
34689835530,"[[-0.03222156 -0.99923426  0.02220279  0.        ]
 [-0.9692641   0.03666031  0.24327633  0.        ]
 [-0.24390396 -0.01368168 -0.9697032   0.        ]
 [-0.10003324 -0.00836278 -0.01500091  1.        ]]",True,False,[ 0.04073955 -0.05330991 -0.03763863],[0.08735989 0.29027516 0.95294726],False,[ 0.03996631 -0.01504187 -0.03811067],[0.08261527 0.2519721  0.9642017 ],False,[ 0.04088687 -0.07513922 -0.03721957],[0.08090628 0.2921736  0.95293695],False,0.0,False,0.0,False,0.0,False
34689946644,"[[-0.0351491  -0.99908525  0.02436079  0.        ]
 [-0.9686281   0.0400576   0.24526548  0.        ]
 [-0.24601693 -0.01497573 -0.96915007  0.        ]
 [-0.10071614 -0.00821037 -0.01690238  1.        ]]",True,False,[ 0.04073955 -0.05330991 -0.03763863],[0.08735989 0.29027516 0.95294726],False,[ 0.03996631 -0.01504187 -0.03811067],[0.08261527 0.2519721  0.9642017 ],False,[ 0.04088687 -0.07513922 -0.03721957],[0.08090628 0.2921736  0.95293695],False,0.0,False,0.0,False,0.0,False
34690057757,"[[-0.03804564 -0.99891365  0.02690724  0.        ]
 [-0.9680474   0.04352242  0.24696144  0.        ]
 [-0.24786425 -0.01665168 -0.96865153  0.        ]
 [-0.10139941 -0.00805301 -0.01882843  1.        ]]",True,False,[ 0.04073955 -0.05330991 -0.03763863],[0.08735989 0.29027516 0.95294726],False,[ 0.03996631 -0.01504187 -0.03811067],[0.08261527 0.2519721  0.9642017 ],False,[ 0.04088687 -0.07513922 -0.03721957],[0.08090628 0.2921736  0.95293695],False,0.0,False,0.0,False,0.0,False
34690168869,"[[-0.04085195 -0.99872524  0.02964784  0.        ]
 [-0.96752685  0.04694879  0.24837004  0.        ]
 [-0.24944536 -0.0185387  -0.9682114   0.        ]
 [-0.10209997 -0.00795793 -0.02068954  1.        ]]",True,False,[ 0.04073955 -0.05330991 -0.03763863],[0.08735989 0.29027516 0.95294726],False,[ 0.03996631 -0.01504187 -0.03811067],[0.08261527 0.2519721  0.9642017 ],False,[ 0.04088687 -0.07513922 -0.03721957],[0.08090628 0.2921736  0.95293695],False,0.0,False,0.0,False,0.0,False
34690279981,"[[-0.04355216 -0.99852496  0.03242382  0.        ]
 [-0.96708435  0.05028027  0.2494394   0.        ]
 [-0.25070173 -0.02049299 -0.9678477   0.        ]
 [-0.10280883 -0.00787806 -0.02252835  1.        ]]",True,False,[ 0.04073955 -0.05330991 -0.03763863],[0.08735989 0.29027516 0.95294726],False,[ 0.03996631 -0.01504187 -0.03811067],[0.08261527 0.2519721  0.9642017 ],False,[ 0.04088687 -0.07513922 -0.03721957],[0.08090628 0.2921736  0.95293695],False,0.0,False,0.0,False,0.0,False
34690391094,"[[-0.04606593 -0.998319    0.0351788   0.        ]
 [-0.96672875  0.05342311  0.25016376  0.        ]
 [-0.25162256 -0.02248438 -0.9675647   0.        ]
 [-0.10353427 -0.0078201  -0.02440644  1.        ]]",True,False,[ 0.04073955 -0.05330991 -0.03763863],[0.08735989 0.29027516 0.95294726],False,[ 0.03996631 -0.01504187 -0.03811067],[0.08261527 0.2519721  0.9642017 ],False,[ 0.04088687 -0.07513922 -0.03721957],[0.08090628 0.2921736  0.95293695],False,0.0,False,0.0,False,0.0,False
34690502209,"[[-0.04834902 -0.99811274  0.03785583  0.        ]
 [-0.9664692   0.05631834  0.25053006  0.        ]
 [-0.25218925 -0.02447358 -0.9673681   0.        ]
 [-0.10425691 -0.0077681  -0.02619359  1.        ]]",True,False,[ 0.04073955 -0.05330991 -0.03763863],[0.08735989 0.29027516 0.95294726],False,[ 0.03996631 -0.01504187 -0.03811067],[0.08261527 0.2519721  0.9642017 ],False,[ 0.04088687 -0.07513922 -0.03721957],[0.08090628 0.2921736  0.95293695],False,0.0,False,0.0,False,0.0,False
34690613321,"[[-0.05036449 -0.9979131   0.04040559  0.        ]
 [-0.96629894  0.05891556  0.25058937  0.        ]
 [-0.25244695 -0.02642305 -0.96724963  0.        ]
 [-0.10498623 -0.00772862 -0.02795011  1.        ]]",True,False,[ 0.04073955 -0.05330991 -0.03763863],[0.08735989 0.29027516 0.95294726],True,[ 0.03999011 -0.01515245 -0.03807403],[0.09391692 0.22901012 0.9688828 ],False,[ 0.04088687 -0.07513922 -0.03721957],[0.08090628 0.2921736  0.95293695],False,0.0,False,0.0,False,0.0,False
34690724434,"[[-0.05201173 -0.9977324   0.04271954  0.        ]
 [-0.96622527  0.06108844  0.25035387  0.        ]
 [-0.2523958  -0.02825538 -0.9672116   0.        ]
 [-0.10571787 -0.00771298 -0.02971843  1.        ]]",True,True,[ 0.03999853 -0.01519109 -0.03801061],[0.09112552 0.22854036 0.9692603 ],True,[ 0.03999853 -0.01519109 -0.03801061],[0.0911255  0.22854042 0.9692603 ],False,[ 0.04088687 -0.07513922 -0.03721957],[0.08090628 0.2921736  0.95293695],False,0.0,False,0.0,False,0.0,False
34690835548,"[[-0.05333197 -0.99757844  0.04464549  0.        ]
 [-0.9662284   0.0628401   0.24990794  0.        ]
 [-0.25210828 -0.02980966 -0.9672401   0.        ]
 [-0.10646401 -0.00768596 -0.03139114  1.        ]]",True,False,[ 0.03999853 -0.01519109 -0.03801061],[0.09112552 0.22854036 0.9692603 ],True,[ 0.03997537 -0.01517186 -0.03802527],[0.08608421 0.23086725 0.9691697 ],True,[ 0.04078425 -0.07521801 -0.03724124],[0.08483161 0.2768671  0.95715636],False,0.0,False,0.0,False,0.0,False
34690946661,"[[-0.05443978 -0.99744684  0.04621775  0.        ]
 [-0.9662866   0.0642913   0.24931264  0.        ]
 [-0.2516475  -0.03108708 -0.9673195   0.        ]
 [-0.1072593  -0.00769795 -0.03283962  1.        ]]",True,False,[ 0.03999853 -0.01519109 -0.03801061],[0.09112552 0.22854036 0.9692603 ],True,[ 0.03998046 -0.0151851  -0.03801077],[0.08389399 0.23087102 0.9693608 ],True,[ 0.04076769 -0.07520791 -0.03726256],[0.08246298 0.27996603 0.9564616 ],False,0.0,False,0.0,False,0.0,False
34691057775,"[[-0.05528235 -0.99732953  0.04772712  0.        ]
 [-0.966409    0.06546175  0.24853277  0.        ]
 [-0.25099337 -0.03238448 -0.96744716  0.        ]
 [-0.10803051 -0.00767023 -0.03447277  1.        ]]",True,True,[ 0.04021585 -0.03273958 -0.03779177],[0.08779918 0.23923548 0.96698385],True,[ 0.03997581 -0.0151875  -0.03800176],[0.08244581 0.22988823 0.9697186 ],True,[ 0.04075784 -0.07520612 -0.03726852],[0.08093999 0.2795503  0.95671326],False,0.0,False,0.0,False,0.0,False
34691280001,"[[-0.05666196 -0.9971379   0.05005329  0.        ]
 [-0.966895    0.06729907  0.24613968  0.        ]
 [-0.24880373 -0.0344495  -0.9679409   0.        ]
 [-0.10951368 -0.00756324 -0.03749878  1.        ]]",True,True,[ 0.04041949 -0.04953711 -0.03758237],[0.08149548 0.26063266 0.96199226],True,[ 0.03997002 -0.01517704 -0.03800906],[0.08282491 0.23184796 0.9692195 ],True,[ 0.04075652 -0.07519192 -0.03726444],[0.08129281 0.28195533 0.9559774 ],False,0.0,False,0.0,False,0.0,False
34691391113,"[[-0.0572741  -0.9970579   0.05094168  0.        ]
 [-0.96727693  0.06805176  0.24442604  0.        ]
 [-0.2471736  -0.03527542 -0.9683287   0.        ]
 [-0.11022067 -0.00749443 -0.03903551  1.        ]]",True,True,[ 0.04042638 -0.04996933 -0.03757579],[0.08107514 0.26097527 0.96193486],True,[ 0.03997571 -0.01517803 -0.03800911],[0.08127412 0.23073979 0.96961516],True,[ 0.0407573  -0.07517929 -0.03725775],[0.07954122 0.28245562 0.955977  ],False,0.0,False,0.0,False,0.0,False
34691502227,"[[-0.05776215 -0.9969814   0.0518813   0.        ]
 [-0.96775496  0.06868023  0.24234946  0.        ]
 [-0.24518113 -0.03620978 -0.9688009   0.        ]
 [-0.11090983 -0.00744965 -0.04046838  1.        ]]",True,True,[ 0.04043394 -0.05043838 -0.03756668],[0.08022926 0.26238847 0.96162134],True,[ 0.03997014 -0.01515475 -0.03802438],[0.07959319 0.23326626 0.96915   ],True,[ 0.04076563 -0.07515533 -0.03723125],[0.07804894 0.2849032  0.9553735 ],False,0.0,False,0.0,False,0.0,False
34691613340,"[[-0.0581733  -0.9969079   0.05282504  0.        ]
 [-0.96832186  0.06921828  0.23991975  0.        ]
 [-0.24283436 -0.03719473 -0.9693544   0.        ]
 [-0.11157992 -0.00740762 -0.04187089  1.        ]]",True,True,[ 0.04044301 -0.05116923 -0.03755489],[0.07884873 0.2647999  0.9610743 ],True,[ 0.0399617  -0.0151427  -0.03802485],[0.07729916 0.23475906 0.9689753 ],True,[ 0.04075895 -0.07513572 -0.03722838],[0.07584158 0.28746262 0.95478445],False,0.0,False,0.0,False,0.0,False
34691724454,"[[-0.05853415 -0.9968466   0.05357712  0.        ]
 [-0.9689823   0.06964207  0.23711458  0.        ]
 [-0.24009809 -0.03803597 -0.9700031   0.        ]
 [-0.11223646 -0.0073718  -0.04332624  1.        ]]",True,True,[ 0.04041432 -0.04917046 -0.03758672],[0.07839414 0.2640074  0.9613296 ],True,[ 0.03994659 -0.01508124 -0.03808963],[0.07839575 0.24281788 0.96689886],True,[ 0.04075458 -0.07511517 -0.03723313],[0.07677559 0.29070508 0.9537275 ],False,0.0,False,0.0,False,0.0,False
34691835566,"[[-0.05874717 -0.9968043   0.05412915  0.        ]
 [-0.9697388   0.06985545  0.23393792  0.        ]
 [-0.23697153 -0.03874797 -0.97074366  0.        ]
 [-0.11287209 -0.00728337 -0.04466772  1.        ]]",True,False,[ 0.04041432 -0.04917046 -0.03758672],[0.07839414 0.2640074  0.9613296 ],True,[ 0.03994921 -0.0150789  -0.03808349],[0.07852165 0.24475355 0.9664006 ],True,[ 0.04074972 -0.07510224 -0.03724414],[0.07701053 0.29384992 0.9527443 ],False,0.0,False,0.0,False,0.0,False
34691946680,"[[-0.05873251 -0.99679023  0.05440382  0.        ]
 [-0.97059387  0.06976348  0.2303921   0.        ]
 [-0.233448   -0.03927252 -0.971576    0.        ]
 [-0.11349313 -0.00717333 -0.04597912  1.        ]]",True,True,[ 0.04041591 -0.04962714 -0.03759118],[0.07684731 0.27005064 0.95977455],True,[ 0.03994165 -0.01504262 -0.03809973],[0.07520919 0.2526361  0.9646339 ],True,[ 0.04072008 -0.07510068 -0.03732449],[0.07358112 0.29803103 0.95171595],False,0.0,False,0.0,False,0.0,False
34692057792,"[[-0.05848312 -0.99680483  0.05440592  0.        ]
 [-0.9715487   0.06936121  0.22645599  0.        ]
 [-0.22950605 -0.03961418 -0.9725008   0.        ]
 [-0.1141149  -0.00705524 -0.04734148  1.        ]]",True,True,[ 0.04041304 -0.04958958 -0.03760109],[0.07661629 0.2744599  0.95854145],True,[ 0.03994452 -0.01501533 -0.0381254 ],[0.07745135 0.25593266 0.963587  ],True,[ 0.0407294  -0.07507434 -0.03732908],[0.07586445 0.3010222  0.9505946 ],False,0.0,False,0.0,False,0.0,False
34692168905,"[[-0.05784559 -0.99684894  0.05427868  0.        ]
 [-0.9725925   0.06853604  0.22218633  0.        ]
 [-0.22520626 -0.03993854 -0.9734924   0.        ]
 [-0.11470658 -0.00694348 -0.04860486  1.        ]]",True,True,[ 0.04040403 -0.04895385 -0.03761062],[0.07814165 0.27281386 0.9588882 ],True,[ 0.03996883 -0.01515713 -0.03802526],[0.08199617 0.24633071 0.9657111 ],True,[ 0.04072836 -0.07520903 -0.0373174 ],[0.0806108  0.29257578 0.9528385 ],False,0.0,False,0.0,False,0.0,False
34692280018,"[[-0.05685842 -0.9969218   0.05398231  0.        ]
 [-0.9737117   0.06731796  0.21760947  0.        ]
 [-0.22057357 -0.04019029 -0.974542    0.        ]
 [-0.11527881 -0.00682754 -0.04984214  1.        ]]",True,False,[ 0.04040403 -0.04895385 -0.03761062],[0.07814165 0.27281386 0.9588882 ],True,[ 0.03993813 -0.01560608 -0.0379291 ],[0.08369374 0.1757223  0.98087555],True,[ 0.04066921 -0.07587082 -0.037404  ],[0.08252214 0.19633713 0.97705775],False,0.0,False,0.0,False,0.0,False
34692391131,"[[-0.0557065  -0.997023    0.05331386  0.        ]
 [-0.9749061   0.06584191  0.21265778  0.        ]
 [-0.21553496 -0.0401296  -0.9756715   0.        ]
 [-0.11580013 -0.00669365 -0.0511496   1.        ]]",True,False,[ 0.04040403 -0.04895385 -0.03761062],[0.07814165 0.27281386 0.9588882 ],True,[ 0.0398476  -0.01623714 -0.0378731 ],[0.06685777 0.09262481 0.9934539 ],True,[ 0.04056286 -0.07654169 -0.03749477],[0.06616595 0.1081288  0.9919326 ],False,0.0,False,0.0,False,0.0,False
34692502244,"[[-0.05448031 -0.9971428   0.05232543  0.        ]
 [-0.9761771   0.06421077  0.20725623  0.        ]
 [-0.21002394 -0.03978749 -0.9768863   0.        ]
 [-0.11629958 -0.00653988 -0.05235512  1.        ]]",True,True,[ 0.04018837 -0.04687009 -0.03758593],[0.05880946 0.04872172 0.99707955],True,[ 0.03987228 -0.01699762 -0.03759903],[0.05908215 0.03189833 0.99774337],True,[ 0.04050872 -0.07714523 -0.03757265],[0.05851614 0.06575789 0.99611837],False,0.0,False,0.0,False,0.0,False
34692613356,"[[-0.05312443 -0.9972682   0.05132235  0.        ]
 [-0.9775171   0.06243682  0.20139974  0.        ]
 [-0.20405397 -0.03946925 -0.9781637   0.        ]
 [-0.11674873 -0.00639661 -0.05355623  1.        ]]",True,False,[ 0.04018837 -0.04687009 -0.03758593],[0.05880946 0.04872172 0.99707955],True,[ 0.03986827 -0.01761625 -0.03760544],[ 0.05684792 -0.05709795  0.99674875],True,[ 0.04051312 -0.07777851 -0.03763111],[ 0.05647817 -0.02586472  0.9980688 ],False,0.0,False,0.0,False,0.0,False
34692724471,"[[-0.05167925 -0.99739045  0.05041341  0.        ]
 [-0.9789279   0.06057972  0.19501342  0.        ]
 [-0.19755855 -0.03927293 -0.9795041   0.        ]
 [-0.11711706 -0.00626977 -0.05485535  1.        ]]",True,False,[ 0.04018837 -0.04687009 -0.03758593],[0.05880946 0.04872172 0.99707955],True,[ 0.03987308 -0.01821711 -0.03756689],[ 0.04709795 -0.1226486   0.99133193],True,[ 0.04045523 -0.07841199 -0.03785693],[ 0.04718132 -0.09663029  0.99420154],False,0.0,False,0.0,False,0.0,False
34692835584,"[[-0.05021775 -0.9975164   0.04938875  0.        ]
 [-0.98040557  0.058667    0.1880508   0.        ]
 [-0.19048125 -0.03897753 -0.98091674  0.        ]
 [-0.11743383 -0.00611436 -0.05607039  1.        ]]",True,True,[ 0.04023903 -0.05380419 -0.03783597],[ 0.06001107 -0.1743426   0.98285466],True,[ 0.03994421 -0.01877972 -0.037522  ],[ 0.06010214 -0.19144925  0.9796607 ],True,[ 0.04045049 -0.07892732 -0.0380612 ],[ 0.05993455 -0.16203934  0.98496246],False,0.0,False,0.0,False,0.0,False
34692946698,"[[-0.04872775 -0.99765235  0.04811837  0.        ]
 [-0.9819321   0.05666804  0.18054901  0.        ]
 [-0.18285193 -0.03845122 -0.98238826  0.        ]
 [-0.11767732 -0.00593186 -0.05729521  1.        ]]",True,False,[ 0.04023903 -0.05380419 -0.03783597],[ 0.06001107 -0.1743426   0.98285466],True,[ 0.03998838 -0.01901239 -0.03748702],[ 0.06262947 -0.2226284   0.97288954],True,[ 0.04045954 -0.07909639 -0.03804965],[ 0.06289247 -0.18610613  0.9805147 ],False,0.0,False,0.0,False,0.0,False
34693057812,"[[-0.0472064  -0.9977927   0.04670029  0.        ]
 [-0.98349595  0.05460352  0.1724933   0.        ]
 [-0.17466259 -0.03778674 -0.9839027   0.        ]
 [-0.11780468 -0.00575498 -0.05861596  1.        ]]",True,True,[ 0.04023848 -0.04994949 -0.03774546],[ 0.06056617 -0.18187065  0.98145545],True,[ 0.04002116 -0.01896364 -0.0374106 ],[ 0.06165215 -0.21331967  0.9750353 ],True,[ 0.04050111 -0.07902962 -0.03795157],[ 0.06148301 -0.17449948  0.98273593],False,0.0,False,0.0,False,0.0,False
34693168924,"[[-0.04555821 -0.9979296   0.04539576  0.        ]
 [-0.98507345  0.05242974  0.16395502  0.        ]
 [-0.16599566 -0.03724866 -0.9854226   0.        ]
 [-0.1178952  -0.00556872 -0.05986601  1.        ]]",True,True,[ 0.04025219 -0.04844913 -0.03770769],[ 0.0648026  -0.18251297  0.9810656 ],True,[ 0.04005196 -0.0188571  -0.03742644],[ 0.07274237 -0.1992878   0.97723746],True,[ 0.04056629 -0.07893993 -0.03789127],[ 0.07242805 -0.16241087  0.9840615 ],False,0.0,False,0.0,False,0.0,False
34693280039,"[[-0.0437932  -0.99805945  0.04426543  0.        ]
 [-0.9866341   0.05016804  0.15503645  0.        ]
 [-0.1569563  -0.03688424 -0.98691654  0.        ]
 [-0.11791734 -0.00540012 -0.06112301  1.        ]]",True,True,[ 0.04038087 -0.05477784 -0.03766751],[ 0.07152642 -0.1653632   0.98363554],True,[ 0.040065   -0.01875393 -0.03741714],[ 0.07144258 -0.18655369  0.9798437 ],True,[ 0.04059199 -0.07885676 -0.03783486],[ 0.07156401 -0.15115641  0.985916  ],False,0.0,False,0.0,False,0.0,False
34693391152,"[[-0.04200792 -0.9981822   0.0432161   0.        ]
 [-0.98816156  0.04789639  0.14574881  0.        ]
 [-0.14755377 -0.03658189 -0.98837733  0.        ]
 [-0.11787148 -0.00524585 -0.0624692   1.        ]]",True,True,[ 0.04037989 -0.05350563 -0.0376465 ],[ 0.07183326 -0.16262393  0.9840699 ],True,[ 0.04008415 -0.01866733 -0.03739259],[ 0.07251439 -0.17609386  0.98169893],True,[ 0.04061209 -0.07878999 -0.03780977],[ 0.07229419 -0.14280903  0.98710644],False,0.0,False,0.0,False,0.0,False
34693502266,"[[-0.04032993 -0.99829316  0.04223734  0.        ]
 [-0.98962855  0.0457415   0.13617176  0.        ]
 [-0.13787134 -0.03630746 -0.98978424  0.        ]
 [-0.11776721 -0.00509927 -0.06373142  1.        ]]",True,True,[ 0.04039318 -0.05218652 -0.03760463],[ 0.07555055 -0.1450493   0.9865358 ],True,[ 0.0400858  -0.01858079 -0.03739411],[ 0.07581855 -0.16341184  0.9836402 ],True,[ 0.04063573 -0.07870696 -0.03777078],[ 0.07532062 -0.13052276  0.9885801 ],False,0.0,False,0.0,False,0.0,False
34693613378,"[[-0.03877676 -0.99838704  0.04146243  0.        ]
 [-0.9910181   0.04373914  0.12637079  0.        ]
 [-0.1279805  -0.03618976 -0.9911157   0.        ]
 [-0.11761801 -0.00496571 -0.0650091   1.        ]]",True,True,[ 0.04038766 -0.05012719 -0.03756747],[ 0.07569856 -0.14244723  0.9869035 ],True,[ 0.04008647 -0.01847471 -0.03739889],[ 0.07614139 -0.15526494  0.9849341 ],True,[ 0.04068696 -0.07857645 -0.0376658 ],[ 0.07577211 -0.11936729  0.98995453],False,0.0,False,0.0,False,0.0,False
34693724493,"[[-0.03732228 -0.9984639   0.04094895  0.        ]
 [-0.9923182   0.04186678  0.11641163  0.        ]
 [-0.11794721 -0.03628965 -0.99235654  0.        ]
 [-0.11744174 -0.00484032 -0.06633262  1.        ]]",True,True,[ 0.04038972 -0.04980688 -0.03755947],[ 0.07654211 -0.13822435  0.9874388 ],True,[ 0.04008362 -0.01836727 -0.03742066],[ 0.0783733 -0.1467102  0.9860698],True,[ 0.04068936 -0.07851102 -0.03766049],[ 0.07780372 -0.11525156  0.9902847 ],False,0.0,False,0.0,False,0.0,False
34693835605,"[[-0.03590083 -0.9985306   0.04059418  0.        ]
 [-0.99351716  0.0400458   0.10639599  0.        ]
 [-0.10786527 -0.03651132 -0.993495    0.        ]
 [-0.11720203 -0.00475793 -0.06756809  1.        ]]",True,True,[ 0.04045925 -0.05510435 -0.03755707],[ 0.07852399 -0.1144551   0.9903202 ],True,[ 0.04010388 -0.01830461 -0.03739341],[ 0.07856587 -0.1348168   0.9877509 ],True,[ 0.04068455 -0.07843483 -0.03766083],[ 0.07848033 -0.10152105  0.991733  ],False,0.0,False,0.0,False,0.0,False
34693947554,"[[-0.03445005 -0.9985909   0.04036817  0.        ]
 [-0.99461526  0.03820729  0.09633747  0.        ]
 [-0.09774408 -0.03683195 -0.99452996  0.        ]
 [-0.1169406  -0.00469756 -0.06881072  1.        ]]",True,True,[ 0.04046701 -0.05499024 -0.03753788],[ 0.0797857  -0.11062379  0.99065465],True,[ 0.04010896 -0.01821334 -0.03736087],[ 0.08228529 -0.12473387  0.9887722 ],True,[ 0.04070884 -0.0783357  -0.03761969],[ 0.08200346 -0.08989432  0.99256957],False,0.0,False,0.0,False,0.0,False
34694101498,"[[-0.03243566 -0.99865866  0.0403576   0.        ]
 [-0.99592805  0.03569251  0.08278504  0.        ]
 [-0.08411446 -0.03750808 -0.99574995  0.        ]
 [-0.1165746  -0.00464354 -0.07051308  1.        ]]",True,True,[ 0.04047742 -0.05545461 -0.03753303],[ 0.0805897  -0.10365482  0.9913429 ],True,[ 0.0400885  -0.01805798 -0.03743768],[ 0.08216096 -0.11206238  0.9902987 ],True,[ 0.04073144 -0.07819667 -0.03757209],[ 0.08182266 -0.07908087  0.9935045 ],False,0.0,False,0.0,False,0.0,False
34694208470,"[[-0.03099406 -0.99870074  0.04045012  0.        ]
 [-0.9967005   0.03391862  0.07374035  0.        ]
 [-0.07501656 -0.03803114 -0.99645686  0.        ]
 [-0.11630861 -0.00461261 -0.07161974  1.        ]]",True,True,[ 0.04040155 -0.04776338 -0.03749271],[ 0.07869051 -0.087479    0.99305344],True,[ 0.04006903 -0.01794706 -0.03745722],[ 0.07905915 -0.10259908  0.991576  ],True,[ 0.04073992 -0.07810587 -0.03752884],[ 0.07829672 -0.0720713   0.9943216 ],False,0.0,False,0.0,False,0.0,False
34694319051,"[[-0.02952695 -0.9987435   0.04048988  0.        ]
 [-0.9973822   0.03211331  0.0647859   0.        ]
 [-0.06600476 -0.03847095 -0.9970772   0.        ]
 [-0.11608844 -0.00456264 -0.07280712  1.        ]]",True,True,[ 0.04042526 -0.04991641 -0.03748979],[ 0.0796264  -0.08251877  0.99340343],True,[ 0.04005415 -0.01784552 -0.03748371],[ 0.08156957 -0.09091381  0.9925125 ],True,[ 0.04074813 -0.07800172 -0.03748927],[ 0.08118257 -0.05994058  0.9948953 ],False,0.0,False,0.0,False,0.0,False
34694430166,"[[-0.02807856 -0.998786    0.04047582  0.        ]
 [-0.9979501   0.03033841  0.05634923  0.        ]
 [-0.05750879 -0.03881065 -0.99759054  0.        ]
 [-0.1158585  -0.00452288 -0.07385962  1.        ]]",True,True,[ 0.04042246 -0.04984286 -0.03748696],[ 0.07956576 -0.07811864  0.99376404],True,[ 0.04004558 -0.01777575 -0.03749537],[ 0.07980102 -0.08748579  0.99296427],True,[ 0.04074517 -0.07792259 -0.03746884],[ 0.07895567 -0.05528145  0.9953442 ],False,0.0,False,0.0,False,0.0,False
34694652393,"[[-0.02540898 -0.99885905  0.04043721  0.        ]
 [-0.9987799   0.02707869  0.04129887  0.        ]
 [-0.04234673 -0.03933851 -0.99832845  0.        ]
 [-0.11553568 -0.00439785 -0.07583593  1.        ]]",True,True,[ 0.04053073 -0.05842099 -0.03745286],[ 0.07890303 -0.05368994  0.9954354 ],True,[ 0.04003719 -0.01764704 -0.03750234],[ 0.08009246 -0.07224676  0.99416584],True,[ 0.04077654 -0.07775863 -0.03739716],[ 0.07919641 -0.03592217  0.9962116 ],False,0.0,False,0.0,False,0.0,False
34694763505,"[[-0.02416277 -0.9988909   0.04041691  0.        ]
 [-0.99906945  0.02557236  0.03473762  0.        ]
 [-0.03573264 -0.03953994 -0.99857926  0.        ]
 [-0.11543218 -0.00436549 -0.07668924  1.        ]]",True,True,[ 0.04050269 -0.05568081 -0.03744682],[ 0.07928236 -0.05020567  0.9955871 ],True,[ 0.04003967 -0.01758025 -0.03751131],[ 0.08049434 -0.06409459  0.9946922 ],True,[ 0.04078953 -0.07769026 -0.0373702 ],[ 0.07947817 -0.02723826  0.99646443],False,0.0,False,0.0,False,0.0,False
34694874619,"[[-0.02297378 -0.9989138   0.04053847  0.        ]
 [-0.99929196  0.02415317  0.02884871  0.        ]
 [-0.02979651 -0.039847   -0.9987614   0.        ]
 [-0.11537916 -0.00434947 -0.07747565  1.        ]]",True,True,[ 0.04047192 -0.0528826  -0.03744633],[ 0.07993816 -0.04841179  0.9956235 ],True,[ 0.04004464 -0.01753591 -0.03750887],[ 0.08158445 -0.06186005  0.99474484],True,[ 0.04079182 -0.07765306 -0.03736608],[ 0.08046105 -0.02591628  0.9964208 ],False,0.0,False,0.0,False,0.0,False
34694985732,"[[-0.02188742 -0.998932    0.04069117  0.        ]
 [-0.9994602   0.02286011  0.02359435  0.        ]
 [-0.02449935 -0.04015279 -0.99889314  0.        ]
 [-0.11540759 -0.00429505 -0.07826499  1.        ]]",True,True,[ 0.04049448 -0.05460125 -0.03741148],[ 0.07748572 -0.03210793  0.9964763 ],True,[ 0.04001363 -0.01746988 -0.03756424],[ 0.07805511 -0.05483533  0.9954398 ],True,[ 0.04079201 -0.07757759 -0.03731696],[ 0.07711331 -0.01803617  0.9968592 ],False,0.0,False,0.0,False,0.0,False
34695096847,"[[-0.02079415 -0.9989522   0.04077145  0.        ]
 [-0.99958867  0.02157843  0.01889752  0.        ]
 [-0.01975751 -0.04036172 -0.99899006  0.        ]
 [-0.11544225 -0.00428424 -0.0789328   1.        ]]",True,True,[ 0.04047018 -0.05348198 -0.03744064],[ 0.07790951 -0.03157773  0.9964602 ],True,[ 0.03999422 -0.0174028  -0.03760469],[ 0.07925328 -0.04777207  0.99570924],True,[ 0.04077154 -0.07757038 -0.03737256],[ 0.07828061 -0.01820054  0.99676526],False,0.0,False,0.0,False,0.0,False
34695207960,"[[-0.01972246 -0.99897206  0.0408149   0.        ]
 [-0.999684    0.0203402   0.01477464  0.        ]
 [-0.01558963 -0.0405106  -0.99905753  0.        ]
 [-0.11551881 -0.00426723 -0.07954463  1.        ]]",True,True,[ 0.04046427 -0.05306416 -0.03744309],[ 0.07887591 -0.03006914  0.99643093],True,[ 0.04000019 -0.01738217 -0.03757826],[ 0.08094388 -0.04606436  0.9956537 ],True,[ 0.0407808  -0.07752739 -0.03735341],[ 0.08038539 -0.01369916  0.9966697 ],False,0.0,False,0.0,False,0.0,False
34695319074,"[[-0.01870584 -0.99899644  0.04069889  0.        ]
 [-0.9997538   0.01917493  0.01117159  0.        ]
 [-0.01194078 -0.04047989 -0.99910927  0.        ]
 [-0.11569247 -0.00419739 -0.08017614  1.        ]]",True,True,[ 0.04045629 -0.05254704 -0.03744343],[ 0.07888239 -0.02810492  0.9964877 ],True,[ 0.0399911  -0.01734557 -0.03757595],[ 0.0792824  -0.04214526  0.99596083],True,[ 0.04077987 -0.07749894 -0.03734086],[ 0.0783433  -0.01085375  0.9968674 ],False,0.0,False,0.0,False,0.0,False
34695430187,"[[-0.01765084 -0.99902993  0.04034344  0.        ]
 [-0.99980587  0.01798904  0.00803185  0.        ]
 [-0.00874979 -0.04019384 -0.9991535   0.        ]
 [-0.11584008 -0.00413201 -0.08068755  1.        ]]",True,True,[ 0.04046532 -0.05315418 -0.03743879],[ 0.07948979 -0.02512551  0.99651897],True,[ 0.03999403 -0.01732444 -0.03758141],[ 0.08104893 -0.04053186  0.9958856 ],True,[ 0.04079172 -0.07746996 -0.03732801],[ 0.08016244 -0.00817415  0.9967483 ],False,0.0,False,0.0,False,0.0,False
34695541300,"[[-0.01650286 -0.9990681   0.03988269  0.        ]
 [-0.9998459   0.0167281   0.00531934  0.        ]
 [-0.00598155 -0.03978876 -0.9991901   0.        ]
 [-0.11601558 -0.00405927 -0.08115438  1.        ]]",True,True,[ 0.04046904 -0.05327711 -0.03743657],[ 0.07971714 -0.02219627  0.9965704 ],True,[ 0.04000055 -0.01730428 -0.03759134],[ 0.0805131  -0.03744829  0.9960499 ],True,[ 0.04080119 -0.07744451 -0.03731878],[ 0.07959739 -0.00444837  0.99681723],False,0.0,False,0.0,False,0.0,False
34695652413,"[[-0.0152365  -0.9991047   0.03946963  0.        ]
 [-0.9998775   0.01536655  0.00299707  0.        ]
 [-0.0036009  -0.03941913 -0.99921644  0.        ]
 [-0.11628316 -0.00396512 -0.08164735  1.        ]]",True,True,[ 0.0404777  -0.05381571 -0.03743275],[ 0.07904631 -0.01808027  0.9967069 ],True,[ 0.03999613 -0.01727596 -0.03759361],[ 0.07823241 -0.03202265  0.99642074],True,[ 0.04080308 -0.07742972 -0.03731551],[ 7.7283695e-02 -6.7093794e-04  9.9700892e-01],False,0.0,False,0.0,False,0.0,False
34695763526,"[[-0.01389587 -0.9991372   0.03913119  0.        ]
 [-0.99990207  0.01394629  0.00100274  0.        ]
 [-0.00154761 -0.03911343 -0.999233    0.        ]
 [-0.11649064 -0.00391387 -0.0820467   1.        ]]",True,True,[ 0.04048286 -0.05404772 -0.03743046],[ 0.07919101 -0.01482008  0.9967494 ],True,[ 0.03999969 -0.0172642  -0.03758643],[ 0.07981654 -0.02991765  0.9963605 ],True,[ 0.0408131 -0.07742   -0.0373171],[0.07906591 0.00133624 0.9968685 ],False,0.0,False,0.0,False,0.0,False
34695874641,"[[-1.25845671e-02 -9.99165356e-01  3.88651378e-02  0.00000000e+00]
 [-9.99920905e-01  1.25651956e-02 -7.36681744e-04  0.00000000e+00]
 [ 2.47713178e-04 -3.88713330e-02 -9.99244452e-01  0.00000000e+00]
 [-1.16700605e-01 -3.86942504e-03 -8.24218467e-02  1.00000000e+00]]",True,True,[ 0.04048368 -0.05398114 -0.03743017],[ 0.07927541 -0.01209911  0.9967793 ],True,[ 0.04000178 -0.01724714 -0.03758814],[ 0.07992196 -0.02657083  0.99644697],True,[ 0.04081357 -0.07741321 -0.03732176],[0.07889383 0.00348484 0.9968769 ],False,0.0,False,0.0,False,0.0,False
34695985754,"[[-0.01135433 -0.999186    0.03871487  0.        ]
 [-0.999934    0.01127487 -0.00225993  0.        ]
 [ 0.00182157 -0.03873797 -0.999248    0.        ]
 [-0.11697572 -0.0038109  -0.08284362  1.        ]]",True,True,[ 0.04049226 -0.0544978  -0.03742699],[ 0.07896915 -0.00870317  0.99683905],True,[ 0.04000567 -0.01724758 -0.03757264],[ 0.07895123 -0.02564347  0.9965486 ],True,[ 0.04081512 -0.07740638 -0.03732251],[0.07797311 0.00540525 0.99694085],False,0.0,False,0.0,False,0.0,False
34696096866,"[[-0.01015425 -0.9991997   0.03869087  0.        ]
 [-0.9999432   0.01002061 -0.00363969  0.        ]
 [ 0.00324907 -0.03872564 -0.9992448   0.        ]
 [-0.11716674 -0.00378081 -0.08318605  1.        ]]",True,True,[ 0.04049798 -0.05484217 -0.03742697],[ 0.07913959 -0.00614641  0.99684465],True,[ 0.04000268 -0.01723614 -0.03757443],[ 0.07990158 -0.02312399  0.99653447],True,[ 0.04081225 -0.07740912 -0.03733385],[0.07910611 0.00617408 0.99684715],False,0.0,False,0.0,False,0.0,False
34696207981,"[[-0.00890565 -0.9992125   0.03866236  0.        ]
 [-0.9999496   0.00872129 -0.00494329  0.        ]
 [ 0.00460222 -0.03870444 -0.9992397   0.        ]
 [-0.11733303 -0.0037535  -0.08351284  1.        ]]",True,True,[ 0.04050426 -0.05516247 -0.03742366],[ 0.07943733 -0.00475387  0.9968285 ],True,[ 0.03999429 -0.01721904 -0.03758647],[ 0.08045437 -0.02068125  0.99654377],True,[ 0.04080177 -0.07741991 -0.03735131],[0.07956338 0.00524214 0.99681604],False,0.0,False,0.0,False,0.0,False
34696319095,"[[-0.00758469 -0.9992262   0.03859444  0.        ]
 [-0.9999535   0.00734872 -0.00625101  0.        ]
 [ 0.00596255 -0.03864005 -0.9992355   0.        ]
 [-0.1175165  -0.00369488 -0.08387715  1.        ]]",True,True,[ 0.04051141 -0.055553   -0.03742117],[ 0.08051491 -0.00211692  0.9967512 ],True,[ 0.03999373 -0.01721553 -0.03757833],[ 0.08270271 -0.01753006  0.9964201 ],True,[ 0.04081365 -0.0773979  -0.03733831],[0.08221623 0.01073754 0.9965567 ],False,0.0,False,0.0,False,0.0,False
34696430210,"[[-0.00617027 -0.99923956  0.03850116  0.        ]
 [-0.99995375  0.00588125 -0.00761209  0.        ]
 [ 0.00737986 -0.03854635 -0.99922967  0.        ]
 [-0.11760551 -0.00366451 -0.08418345  1.        ]]",True,True,[ 0.04051445 -0.05568298 -0.03742222],[ 8.1857935e-02 -6.7042746e-04  9.9664384e-01],True,[ 0.03999644 -0.01721204 -0.03756903],[ 0.0846065  -0.01516809  0.996299  ],True,[ 0.04079659 -0.0774155  -0.03737333],[0.08379176 0.01059004 0.99642706],False,0.0,False,0.0,False,0.0,False
34696541322,"[[-0.00481856 -0.99925333  0.03833433  0.        ]
 [-0.9999488   0.00447404 -0.00907052  0.        ]
 [ 0.00889224 -0.03837608 -0.9992237   0.        ]
 [-0.11764434 -0.00362279 -0.08448049  1.        ]]",True,True,[ 0.04051145 -0.05534909 -0.03742366],[0.08341907 0.00100591 0.9965141 ],True,[ 0.04000206 -0.01721449 -0.03755433],[ 0.08645909 -0.01486447  0.9961445 ],True,[ 0.04080839 -0.07739195 -0.03734854],[0.08563985 0.01396923 0.9962283 ],False,0.0,False,0.0,False,0.0,False
34696652436,"[[-0.00359535 -0.99926984  0.03803943  0.        ]
 [-0.99993813  0.00319165 -0.01066426  0.        ]
 [ 0.01053506 -0.03807541 -0.9992194   0.        ]
 [-0.11767404 -0.0035405  -0.08480591  1.        ]]",True,True,[ 0.04051069 -0.05524724 -0.0374236 ],[0.08378115 0.00229777 0.9964816 ],True,[ 0.04000233 -0.01721727 -0.03754231],[ 0.08442159 -0.01511201  0.99631554],True,[ 0.04080851 -0.07738831 -0.03734418],[0.08369233 0.01452764 0.9963858 ],False,0.0,False,0.0,False,0.0,False
34696763549,"[[-0.00246871 -0.9992866   0.03768456  0.        ]
 [-0.9999204   0.00200057 -0.01245639  0.        ]
 [ 0.01237212 -0.03771231 -0.999212    0.        ]
 [-0.11759349 -0.00348608 -0.0850945   1.        ]]",True,True,[ 0.04050769 -0.05498006 -0.03742471],[0.08364891 0.00466293 0.9964844 ],True,[ 0.03999377 -0.0171913  -0.03755226],[ 0.08318073 -0.01063266  0.9964778 ],True,[ 0.04081253 -0.07737304 -0.03733963],[0.08277396 0.01758508 0.99641323],False,0.0,False,0.0,False,0.0,False
34696985776,"[[-4.7707558e-04 -9.9932021e-01  3.6868095e-02  0.0000000e+00]
 [-9.9986249e-01 -1.3494492e-04 -1.6590830e-02  0.0000000e+00]
 [ 1.6584519e-02 -3.6870934e-02 -9.9918270e-01  0.0000000e+00]
 [-1.1725297e-01 -3.3765435e-03 -8.5692845e-02  1.0000000e+00]]",True,True,[ 0.04049854 -0.05430164 -0.03742692],[0.0839522  0.00799144 0.9964378 ],True,[ 0.04001104 -0.01718428 -0.03752115],[ 0.08465929 -0.00797386  0.99637806],True,[ 0.04080837 -0.07735316 -0.03735835],[0.08433314 0.02195057 0.99619573],False,0.0,False,0.0,False,0.0,False
34697096889,"[[ 4.3147802e-04 -9.9933553e-01  3.6450882e-02  0.0000000e+00]
 [-9.9982047e-01 -1.1224747e-03 -1.8926904e-02  0.0000000e+00]
 [ 1.8955231e-02 -3.6436159e-02 -9.9915659e-01  0.0000000e+00]
 [-1.1697225e-01 -3.3355977e-03 -8.5975051e-02  1.0000000e+00]]",True,True,[ 0.04048058 -0.05297403 -0.03743208],[0.08503051 0.00958522 0.9963323 ],True,[ 0.04000503 -0.01715609 -0.03753343],[ 0.08673359 -0.00357661  0.9962252 ],True,[ 0.04081143 -0.07733525 -0.0373587 ],[0.08646987 0.02511118 0.99593794],False,0.0,False,0.0,False,0.0,False
34697208003,"[[ 0.00122911 -0.9993542   0.03591082  0.        ]
 [-0.99976844 -0.00199914 -0.02142116  0.        ]
 [ 0.02147912 -0.03587618 -0.99912524  0.        ]
 [-0.11662447 -0.00327325 -0.08625194  1.        ]]",True,True,[ 0.0404714  -0.05234111 -0.03743447],[0.0853557  0.01315704 0.9962637 ],True,[ 0.0399944  -0.01712944 -0.03754321],[0.08566575 0.00129621 0.9963231 ],True,[ 0.04080463 -0.07731723 -0.03735512],[0.0852994  0.02919953 0.9959274 ],False,0.0,False,0.0,False,0.0,False
34697319116,"[[ 0.00175351 -0.99938035  0.03515443  0.        ]
 [-0.99970675 -0.00260103 -0.02407553  0.        ]
 [ 0.02415205 -0.0351019  -0.99909186  0.        ]
 [-0.11625564 -0.0031664  -0.08654533  1.        ]]",True,True,[ 0.04046374 -0.05170719 -0.03743606],[0.08517304 0.01515246 0.9962509 ],True,[ 0.03999264 -0.01710098 -0.03756105],[0.08459984 0.00187595 0.99641323],True,[ 0.04081575 -0.07729519 -0.03735796],[0.08408736 0.02869713 0.99604505],False,0.0,False,0.0,False,0.0,False
34697430229,"[[ 0.00197893 -0.99940807  0.03434174  0.        ]
 [-0.9996349  -0.00290203 -0.0268578   0.        ]
 [ 0.02694157 -0.03427606 -0.99904895  0.        ]
 [-0.11578574 -0.00304198 -0.0868125   1.        ]]",True,True,[ 0.04046185 -0.05150407 -0.03743896],[0.08532414 0.01869382 0.9961779 ],True,[ 0.03999986 -0.01707201 -0.03756952],[0.08539479 0.00725071 0.99632084],True,[ 0.04082127 -0.07728434 -0.03737857],[0.08498076 0.03212857 0.9958644 ],False,0.0,False,0.0,False,0.0,False
34697541343,"[[ 0.00194615 -0.9994329   0.03361261  0.        ]
 [-0.9995545  -0.00294483 -0.02969605  0.        ]
 [ 0.0297782  -0.03353985 -0.9989934   0.        ]
 [-0.11526644 -0.00290475 -0.08706979  1.        ]]",True,True,[ 0.04045902 -0.0513529  -0.03743808],[0.08546616 0.02141804 0.99611086],True,[ 0.03997439 -0.01709481 -0.03756208],[0.08544075 0.00744155 0.9963155 ],True,[ 0.0407963  -0.07727691 -0.03735499],[0.08514147 0.03624298 0.9957095 ],False,0.0,False,0.0,False,0.0,False
34697652457,"[[ 0.00167835 -0.99945617  0.03293487  0.        ]
 [-0.9994669  -0.00275064 -0.03253516  0.        ]
 [ 0.03260805 -0.03286271 -0.99892795  0.        ]
 [-0.11473183 -0.00275857 -0.08733092  1.        ]]",True,True,[ 0.04025166 -0.05056981 -0.03751371],[0.0679369  0.00644736 0.9976688 ],True,[ 0.03977669 -0.01716597 -0.03767424],[ 0.06797204 -0.00979983  0.9976391 ],True,[ 0.04063225 -0.07733595 -0.03738509],[0.06789586 0.01946493 0.9975025 ],False,0.0,False,0.0,False,0.0,False
